35813
6774
6185
23584
72431
21280
77114
27376
23907
60023
55889
81251
4904
28690
43528
55179
78701
69761
92347
49696
27848
35355
19513
34870
68049
67314
15312
72180
26766
90307
66137
58251
50924
69357
74004
36311
16905
34273
61468
95466
73065
97878
33275
30179
65726
43242
38074
76950
96629
35005
60563
46937
66414
32902
45223
99123
37415
63378
59600
9442
36223
20143
47276
30954
24854
72692
52625
87968
35983
63252
69725
38028
1234
58338
94994
83051
52062
86902
20698
46962
32357
74936
2209
23026
94745
58282
725
69357
2065
65189
94010
54030
82348
58286
3330
50356
53143
12514
39339
2205
19632
11657
91084
89672
63488
3998
94555
4212
94109
24293
99059
15856
87581
24334
26094
97908
53484
2397
91359
26857
72321
182
11808
63144
77861
55364
64292
18700
29998
19487
82139
39896
36282
3793
80117
16077
6947
96300
68285
45081
42179
15515
58403
60951
5439
9443
27694
1682
88817
40849
23522
75542
88248
60905
72062
54874
81577
56999
76443
81434
77021
25757
87361
54566
95280
37022
54632
71143
94778
94824
90561
15514
86264
6438
65479
17722
59269
85797
42286
63731
92606
62521
53923
8188
38792
7544
80862
96504
47381
63314
69323
47542
18631
62664
25765
6388
89229
53102
96313
10811
33375
78943
35793
88157
52124
24187
1433
10005
91113
6383
88098
65314
37459
67940
49610
75295
99479
86785
57062
49751
5002
4691
56131
60056
83418
36526
69551
90953
75339
41358
40295
83140
98345
50577
23900
3464
66090
90255
23159
34829
57775
9919
46750
74900
29278
15437
6673
86829
94919
65935
64018
39203
42239
93488
57561
5385
22860
37893
41353
86745
39360
24959
26878
62015
43669
62417
39282
32887
56960
51286
64106
25166
98176
1254
20815
54612
4141
6604
60264
52722
94674
23223
86750
3655
56883
76413
28046
61786
59374
53049
53912
68964
8687
83481
48248
35179
58248
54346
61990
22551
46304
96297
32870
12429
83611
17178
1001
46275
56806
74704
93025
65421
17280
80527
98415
16803
50637
84654
13973
55041
74129
66998
39908
60231
37328
92929
58249
57371
72314
93217
27353
84046
93381
69692
20298
52173
799
9041
35857
39670
80709
22843
64305
17802
18477
31812
64222
10890
77196
69041
34878
91763
93616
26453
81862
86662
51645
89113
73655
39613
89923
27409
30811
36532
10158
87631
25928
63767
61265
80724
62363
31146
33801
39375
81294
70283
21980
12737
52162
28238
45340
67986
54326
14092
9290
28963
2936
98375
60341
97740
8032
58104
29866
42394
49930
31759
56752
31168
94007
35084
16500
52131
25552
62366
75382
6071
17593
99602
59280
95348
61944
5254
19746
26585
79326
74702
55439
31656
59880
46388
15001
55833
51597
46588
99516
74968
4710
83034
99811
56017
37631
33543
96438
80889
94364
81821
47231
81197
30536
25768
12757
32458
87114
13794
69168
80347
84308
92312
86979
8383
60694
79555
38499
26660
88525
37704
1858
21390
89976
90381
8508
92293
63771
74696
52257
18645
13707
27738
34289
41657
95
22855
75403
86059
85388
51785
37925
44793
27372
4441
37258
55122
67205
10047
97022
29260
99002
79606
60649
90195
63709
53133
43659
58893
93256
90989
3491
95590
69122
46897
23045
92656
84236
11720
54632
78279
13427
55500
50402
86439
97399
23695
70337
23277
77848
24600
49421
72986
66519
44318
17314
68891
6134
53888
30931
69567
25831
63169
39313
87930
31970
36281
23664
2859
55912
38096
97780
9662
26866
90774
65724
89757
95797
57254
1134
67424
23694
1161
86163
72084
97718
95065
18206
9013
49874
82035
94050
27911
96551
9480
73892
39987
97209
4594
26429
15279
48038
23174
40935
19184
40813
89436
56228
99160
16273
27490
11302
1334
68646
8217
72310
22013
45242
22389
4504
89845
55319
68940
45426
61827
91643
48750
19520
14879
88891
73256
75813
69197
80139
35379
4196
369
26668
75492
49807
91924
35282
78612
68600
71973
76024
38970
35522
70611
13574
67337
23510
34398
80378
86478
54177
54378
87779
66872
42820
89341
33046
76146
10961
35509
22897
84195
1977
67923
37751
10618
59135
93033
21337
98035
11450
2194
50600
24170
41481
37991
78821
78030
79964
23146
97018
73282
24453
18472
61975
25825
98370
60099
27521
99359
76530
65954
97687
13601
22773
15687
25869
17811
93594
84887
55813
33357
86835
12853
63830
1540
74663
72714
26943
92314
58437
51640
10374
25956
45682
76304
45565
10670
91387
74107
26990
52512
33056
76856
81783
38877
48632
73676
4768
95788
93802
69397
88704
97795
82423
84327
53311
23197
86219
96688
65347
43558
16380
20374
97318
11083
29757
41382
25724
74265
6916
27278
50165
99185
20541
77281
68702
23165
34659
30947
29535
54788
79484
76677
13056
43403
67886
17920
31838
45129
56693
54903
21137
40364
77981
90262
15341
27766
93597
70658
45415
21160
4295
19094
89396
74908
40373
44404
78673
87446
39356
12063
31241
70558
53346
54251
8622
4150
54515
97666
91293
42396
92877
37774
97668
25900
32782
32343
37386
34486
83552
42730
74590
46680
35958
75444
60440
56395
75128
37990
68972
16014
83333
86194
70247
79196
30911
23124
21660
47375
59720
57522
48950
65768
74383
41333
90920
63340
63277
17079
57217
67036
9244
57003
40284
45471
9163
62122
18976
5539
22368
46927
48003
73039
87263
70914
11960
61787
34946
26076
33157
17503
23188
26785
37135
65931
47966
78536
39203
6277
90892
97528
3540
88701
88489
94246
48412
13122
42851
1991
81418
87942
72664
35787
82785
88832
41586
42329
82018
5152
7298
61084
51142
87245
73876
55623
47917
87965
30295
9307
40322
96199
13579
68914
30805
88120
57394
84064
84284
26611
71975
53747
52700
19794
8851
84335
30218
94220
43470
80977
91892
25634
15520
71434
56207
3258
74036
93829
62042
56920
72594
3126
41757
35812
52835
59439
47833
38279
92192
42163
71862
19872
65396
86729
60711
96952
28154
58584
65921
34612
27024
87303
83559
52116
99237
86123
90640
92784
95267
13986
91305
88051
41405
89332
72977
23588
94372
27153
17531
76650
61699
60275
11370
29639
58379
2624
7668
97459
74739
16297
77011
50109
61857
71579
50371
10725
36724
55279
99396
47960
84641
9145
29765
30762
89685
98193
2864
78276
5222
20016
65318
13916
25849
99625
69395
28496
95709
2673
7280
27746
83878
28051
23318
79262
71124
36250
52857
31937
16981
58759
39563
79708
39128
34187
70467
82089
76550
27168
50520
11331
