95
182
369
725
799
1001
1134
1161
1234
1254
1334
1433
1540
1682
1858
1977
1991
2065
2194
2205
2209
2397
2624
2673
2859
2864
2936
3126
3258
3330
3464
3491
3540
3655
3793
3998
4141
4150
4196
4212
4295
4441
4504
4594
4691
4710
4768
4904
5002
5152
5222
5254
5385
5439
5539
6071
6134
6185
6277
6383
6388
6438
6604
6673
6774
6916
6947
7280
7298
7544
7668
8032
8188
8217
8383
8508
8622
8687
8851
9013
9041
9145
9163
9244
9290
9307
9442
9443
9480
9662
9919
10005
10047
10158
10374
10618
10670
10725
10811
10890
10961
11083
11302
11331
11370
11450
11657
11720
11808
11960
12063
12429
12514
12737
12757
12853
13056
13122
13427
13574
13579
13601
13707
13794
13916
13973
13986
14092
14879
15001
15279
15312
15341
15437
15514
15515
15520
15687
15856
16014
16077
16273
16297
16380
16500
16803
16905
16981
17079
17178
17280
17314
17503
17531
17593
17722
17802
17811
17920
18206
18472
18477
18631
18645
18700
18976
19094
19184
19487
19513
19520
19632
19746
19794
19872
20016
20143
20298
20374
20541
20698
20815
21137
21160
21280
21337
21390
21660
21980
22013
22368
22389
22551
22773
22843
22855
22860
22897
23026
23045
23124
23146
23159
23165
23174
23188
23197
23223
23277
23318
23510
23522
23584
23588
23664
23694
23695
23900
23907
24170
24187
24293
24334
24453
24600
24854
24959
25166
25552
25634
25724
25757
25765
25768
25825
25831
25849
25869
25900
25928
25956
26076
26094
26429
26453
26585
26611
26660
26668
26766
26785
26857
26866
26878
26943
26990
27024
27153
27168
27278
27353
27372
27376
27409
27490
27521
27694
27738
27746
27766
27848
27911
28046
28051
28154
28238
28496
28690
28963
29260
29278
29535
29639
29757
29765
29866
29998
30179
30218
30295
30536
30762
30805
30811
30911
30931
30947
30954
31146
31168
31241
31656
31759
31812
31838
31937
31970
32343
32357
32458
32782
32870
32887
32902
33046
33056
33157
33275
33357
33375
33543
33801
34187
34273
34289
34398
34486
34612
34659
34829
34870
34878
34946
35005
35084
35179
35282
35355
35379
35509
35522
35787
35793
35812
35813
35857
35958
35983
36223
36250
36281
36282
36311
36526
36532
36724
37022
37135
37258
37328
37386
37415
37459
37631
37704
37751
37774
37893
37925
37990
37991
38028
38074
38096
38279
38499
38792
38877
38970
39128
39203
39203
39282
39313
39339
39356
39360
39375
39563
39613
39670
39896
39908
39987
40284
40295
40322
40364
40373
40813
40849
40935
41333
41353
41358
41382
41405
41481
41586
41657
41757
42163
42179
42239
42286
42329
42394
42396
42730
42820
42851
43242
43403
43470
43528
43558
43659
43669
44318
44404
44793
45081
45129
45223
45242
45340
45415
45426
45471
45565
45682
46275
46304
46388
46588
46680
46750
46897
46927
46937
46962
47231
47276
47375
47381
47542
47833
47917
47960
47966
48003
48038
48248
48412
48632
48750
48950
49421
49610
49696
49751
49807
49874
49930
50109
50165
50356
50371
50402
50520
50577
50600
50637
50924
51142
51286
51597
51640
51645
51785
52062
52116
52124
52131
52162
52173
52257
52512
52625
52700
52722
52835
52857
53049
53102
53133
53143
53311
53346
53484
53747
53888
53912
53923
54030
54177
54251
54326
54346
54378
54515
54566
54612
54632
54632
54788
54874
54903
55041
55122
55179
55279
55319
55364
55439
55500
55623
55813
55833
55889
55912
56017
56131
56207
56228
56395
56693
56752
56806
56883
56920
56960
56999
57003
57062
57217
57254
57371
57394
57522
57561
57775
58104
58248
58249
58251
58282
58286
58338
58379
58403
58437
58584
58759
58893
59135
59269
59280
59374
59439
59600
59720
59880
60023
60056
60099
60231
60264
60275
60341
60440
60563
60649
60694
60711
60905
60951
61084
61265
61468
61699
61786
61787
61827
61857
61944
61975
61990
62015
62042
62122
62363
62366
62417
62521
62664
63144
63169
63252
63277
63314
63340
63378
63488
63709
63731
63767
63771
63830
64018
64106
64222
64292
64305
65189
65314
65318
65347
65396
65421
65479
65724
65726
65768
65921
65931
65935
65954
66090
66137
66414
66519
66872
66998
67036
67205
67314
67337
67424
67886
67923
67940
67986
68049
68285
68600
68646
68702
68891
68914
68940
68964
68972
69041
69122
69168
69197
69323
69357
69357
69395
69397
69551
69567
69692
69725
69761
70247
70283
70337
70467
70558
70611
70658
70914
71124
71143
71434
71579
71862
71973
71975
72062
72084
72180
72310
72314
72321
72431
72594
72664
72692
72714
72977
72986
73039
73065
73256
73282
73655
73676
73876
73892
74004
74036
74107
74129
74265
74383
74590
74663
74696
74702
74704
74739
74900
74908
74936
74968
75128
75295
75339
75382
75403
75444
75492
75542
75813
76024
76146
76304
76413
76443
76530
76550
76650
76677
76856
76950
77011
77021
77114
77196
77281
77848
77861
77981
78030
78276
78279
78536
78612
78673
78701
78821
78943
79196
79262
79326
79484
79555
79606
79708
79964
80117
80139
80347
80378
80527
80709
80724
80862
80889
80977
81197
81251
81294
81418
81434
81577
81783
81821
81862
82018
82035
82089
82139
82348
82423
82785
83034
83051
83140
83333
83418
83481
83552
83559
83611
83878
84046
84064
84195
84236
84284
84308
84327
84335
84641
84654
84887
85388
85797
86059
86123
86163
86194
86219
86264
86439
86478
86662
86729
86745
86750
86785
86829
86835
86902
86979
87114
87245
87263
87303
87361
87446
87581
87631
87779
87930
87942
87965
87968
88051
88098
88120
88157
88248
88489
88525
88701
88704
88817
88832
88891
89113
89229
89332
89341
89396
89436
89672
89685
89757
89845
89923
89976
90195
90255
90262
90307
90381
90561
90640
90774
90892
90920
90953
90989
91084
91113
91293
91305
91359
91387
91643
91763
91892
91924
92192
92293
92312
92314
92347
92606
92656
92784
92877
92929
93025
93033
93217
93256
93381
93488
93594
93597
93616
93802
93829
94007
94010
94050
94109
94220
94246
94364
94372
94555
94674
94745
94778
94824
94919
94994
95065
95267
95280
95348
95466
95590
95709
95788
95797
96199
96297
96300
96313
96438
96504
96551
96629
96688
96952
97018
97022
97209
97318
97399
97459
97528
97666
97668
97687
97718
97740
97780
97795
97878
97908
98035
98176
98193
98345
98370
98375
98415
99002
99059
99123
99160
99185
99237
99359
99396
99479
99516
99602
99625
99811
