13954
40796
95600
46590
14961
73392
25280
36065
31931
8788
42667
58439
71757
19783
15303
95508
23777
95788
46325
23993
26989
99277
4514
67706
67386
15733
5237
93069
64279
37734
43546
10805
87450
70125
51503
67654
44563
47876
2984
6500
83109
14306
40203
56863
30309
99618
28519
55934
45921
78148
91289
69922
17394
25444
36565
55875
82473
42477
67341
6972
70860
3147
80256
67830
17509
8424
89299
68460
59192
41672
44345
66789
78209
5855
84929
81932
34376
52717
4089
27325
33159
66046
87583
77311
50320
16948
28956
42878
77317
36514
22230
92596
88074
12945
10093
75471
49356
83102
61603
74229
87035
72467
24327
9565
53301
44339
36416
22817
42171
31138
27171
63778
49956
50210
65480
37939
24112
96810
31365
99848
13642
15043
72830
45200
54893
53017
1109
20266
88305
17657
18636
88919
97483
40444
12796
19405
25525
191
82692
21801
84583
24413
69684
99724
46939
31918
70896
63146
60245
97273
20557
67561
89968
59631
88028
5504
45119
64407
90839
4182
93293
39681
63338
99605
75121
20895
49197
22797
64881
49771
75434
6287
90421
15014
42545
83950
59742
33149
48998
82691
76772
17491
38269
97243
74181
8475
72685
29757
80800
6831
33641
54019
36670
58866
87756
77629
13320
24576
11542
26597
24169
93850
14466
71150
84224
93502
93706
18077
86948
43399
31224
35426
70286
41639
28820
32310
57993
46658
57021
10273
83958
8515
92315
8285
35861
36929
55388
76881
60296
2219
68735
22771
27807
66404
36964
26210
33207
75699
9782
81669
37966
20436
45114
2941
91058
45039
94600
53715
78587
3569
83790
96597
34459
72068
1238
14324
41524
70668
55235
53284
83679
57341
7133
96296
32412
63047
78460
36443
68632
18826
24669
48033
97481
70252
97769
32640
83928
37319
53266
58642
27091
70979
45781
51458
17058
79373
60605
55086
2622
90068
53236
41073
97165
97080
34532
79308
38823
84960
73880
6802
29165
31125
9088
62768
51105
20984
41487
49494
60036
35066
33406
32793
98258
47449
18240
35783
36663
83229
88133
69027
15236
81316
6103
2128
77923
78028
16592
78316
48460
3813
22030
41156
89637
27796
89698
58831
78871
8462
55060
101
89124
28008
65263
18069
20340
33651
6221
12626
31018
21331
62990
45073
53380
14
54056
73431
4611
879
38622
51351
50149
85282
13352
38269
64595
1850
12112
106
64473
11570
71684
62687
8535
20777
73830
97122
16780
15679
18908
20470
4278
37497
55607
63168
48669
9063
18469
1805
47923
50851
20074
93674
39107
51382
31367
19141
32833
48585
928
49022
46245
17958
1867
84661
94852
38665
90632
81770
44975
54714
36894
29915
39566
10582
91900
60933
78870
65561
99637
11917
57267
30386
8844
65354
46147
5483
47054
82304
3206
25993
99066
3670
57147
34221
91838
88683
16922
69563
18754
27489
38547
8603
51133
94405
64519
97585
78612
83979
77881
25357
64045
83501
2269
12364
25475
76856
47630
94406
40888
17709
47559
59074
54924
28412
93516
44945
3850
97147
95559
40708
18966
73666
27527
19787
95967
99099
59048
15167
26290
20791
13650
99416
22567
54615
59307
66383
65505
54904
53812
17491
71129
88345
87547
3776
26912
204
30290
68023
13883
43088
13272
48922
48445
63716
71871
93334
44086
6717
2256
45087
80788
71579
99784
89208
34539
92416
94677
52734
91913
22013
251
35537
62896
15090
24061
75804
71642
90696
75076
5942
34688
68175
30726
67872
99160
45011
31451
88905
29321
81655
47120
63705
53234
25059
18481
85589
5684
38812
32889
59992
24596
41774
71652
42956
75443
28804
17064
27023
38048
8636
92063
47793
75401
81183
55204
12889
62243
23589
43731
24395
50370
62740
71526
45899
20178
27416
76867
78198
78412
59319
23153
18889
18999
93847
38020
74075
45322
32261
83940
4296
21168
27186
40572
43902
76593
23209
20012
47322
57180
94844
38951
44561
2262
13185
33328
43796
22057
68251
3351
25868
77400
94571
4568
98788
28253
35366
1384
25168
65639
15971
51249
42793
10528
167
39621
52832
25879
54861
37723
25578
70976
86827
38736
22620
90885
83231
16636
82982
44436
58805
19932
74197
8296
17821
85245
57575
90235
90621
63698
99180
64952
70859
18280
53924
94375
28908
74186
8948
31186
60413
52812
16345
27972
99206
25222
68067
55015
10922
24842
84917
64172
68519
32370
58358
93267
15411
87291
36757
70969
9412
80260
80976
39862
61484
60733
50384
40954
92052
52521
86990
37358
68859
32171
48899
33412
65371
60870
15776
52089
87402
99059
17253
55907
75171
7414
44861
30630
22148
46793
49258
29050
91027
78962
84418
1591
14501
11764
61569
10573
50255
70407
39447
53754
31639
96206
34176
23411
78121
84373
33449
36766
82437
20229
24245
34708
62072
60372
1650
19176
79305
48149
3453
44350
32454
68044
40124
20755
33187
25712
56105
95745
85106
42142
38143
11644
97363
89909
57142
72920
67594
25271
55367
2759
94063
11006
80066
31645
22896
20623
69880
63638
64166
76591
34663
37193
81048
23403
99617
72367
22625
73658
29094
57256
96596
72407
92765
9229
77723
87786
98981
27671
33398
88634
16675
38909
59762
72626
85937
4141
84470
2519
92238
34679
97072
51987
51474
55931
86752
26839
91286
91029
33020
28518
48999
83580
88722
65648
29898
10203
24429
76498
55213
46521
75760
13495
81003
33131
54623
21281
58367
17324
94961
1333
76009
48263
20202
44193
367
45088
92611
61524
30042
85435
41079
63388
69759
9947
49101
20551
49512
94310
85219
45740
88561
80596
87498
94619
14975
16965
90759
73077
43510
29168
54359
82940
66907
16721
29870
35058
1813
74670
65077
30388
58572
79304
63213
60913
56081
39223
56603
29303
16946
18561
51494
53781
37516
12865
88048
23940
5025
17015
1709
2549
58662
21919
9263
96738
97892
57031
55786
29813
14029
13925
35839
72432
17135
24357
62237
98485
15461
51068
8439
83601
72739
81071
9136
7690
58484
1139
69413
46132
7302
81039
77239
98081
14911
88205
61600
33726
46760
21298
11207
83374
22158
72016
92613
668
26175
17998
26254
50697
2823
95539
76253
27838
445
38900
4446
9728
50853
55139
64405
36715
71052
85019
64000
66015
71250
67356
37636
17316
92491
20822
8681
37540
89735
50824
54065
75477
10884
99523
89896
19477
1815
5559
13113
94667
76247
19252
31359
77657
99653
49751
28479
69864
86213
64329
22817
84907
40358
37975
74863
74090
87844
95116
28898
1463
74916
19508
82644
