14
101
106
167
191
204
251
367
445
668
879
928
1109
1139
1238
1333
1384
1463
1591
1650
1709
1805
1813
1815
1850
1867
2128
2219
2256
2262
2269
2519
2549
2622
2759
2823
2941
2984
3147
3206
3351
3453
3569
3670
3776
3813
3850
4089
4141
4182
4278
4296
4446
4514
4568
4611
5025
5237
5483
5504
5559
5684
5855
5942
6103
6221
6287
6500
6717
6802
6831
6972
7133
7302
7414
7690
8285
8296
8424
8439
8462
8475
8515
8535
8603
8636
8681
8788
8844
8948
9063
9088
9136
9229
9263
9412
9565
9728
9782
9947
10093
10203
10273
10528
10573
10582
10805
10884
10922
11006
11207
11542
11570
11644
11764
11917
12112
12364
12626
12796
12865
12889
12945
13113
13185
13272
13320
13352
13495
13642
13650
13883
13925
13954
14029
14306
14324
14466
14501
14911
14961
14975
15014
15043
15090
15167
15236
15303
15411
15461
15679
15733
15776
15971
16345
16592
16636
16675
16721
16780
16922
16946
16948
16965
17015
17058
17064
17135
17253
17316
17324
17394
17491
17491
17509
17657
17709
17821
17958
17998
18069
18077
18240
18280
18469
18481
18561
18636
18754
18826
18889
18908
18966
18999
19141
19176
19252
19405
19477
19508
19783
19787
19932
20012
20074
20178
20202
20229
20266
20340
20436
20470
20551
20557
20623
20755
20777
20791
20822
20895
20984
21168
21281
21298
21331
21801
21919
22013
22030
22057
22148
22158
22230
22567
22620
22625
22771
22797
22817
22817
22896
23153
23209
23403
23411
23589
23777
23940
23993
24061
24112
24169
24245
24327
24357
24395
24413
24429
24576
24596
24669
24842
25059
25168
25222
25271
25280
25357
25444
25475
25525
25578
25712
25868
25879
25993
26175
26210
26254
26290
26597
26839
26912
26989
27023
27091
27171
27186
27325
27416
27489
27527
27671
27796
27807
27838
27972
28008
28253
28412
28479
28518
28519
28804
28820
28898
28908
28956
29050
29094
29165
29168
29303
29321
29757
29813
29870
29898
29915
30042
30290
30309
30386
30388
30630
30726
31018
31125
31138
31186
31224
31359
31365
31367
31451
31639
31645
31918
31931
32171
32261
32310
32370
32412
32454
32640
32793
32833
32889
33020
33131
33149
33159
33187
33207
33328
33398
33406
33412
33449
33641
33651
33726
34176
34221
34376
34459
34532
34539
34663
34679
34688
34708
35058
35066
35366
35426
35537
35783
35839
35861
36065
36416
36443
36514
36565
36663
36670
36715
36757
36766
36894
36929
36964
37193
37319
37358
37497
37516
37540
37636
37723
37734
37939
37966
37975
38020
38048
38143
38269
38269
38547
38622
38665
38736
38812
38823
38900
38909
38951
39107
39223
39447
39566
39621
39681
39862
40124
40203
40358
40444
40572
40708
40796
40888
40954
41073
41079
41156
41487
41524
41639
41672
41774
42142
42171
42477
42545
42667
42793
42878
42956
43088
43399
43510
43546
43731
43796
43902
44086
44193
44339
44345
44350
44436
44561
44563
44861
44945
44975
45011
45039
45073
45087
45088
45114
45119
45200
45322
45740
45781
45899
45921
46132
46147
46245
46325
46521
46590
46658
46760
46793
46939
47054
47120
47322
47449
47559
47630
47793
47876
47923
48033
48149
48263
48445
48460
48585
48669
48899
48922
48998
48999
49022
49101
49197
49258
49356
49494
49512
49751
49771
49956
50149
50210
50255
50320
50370
50384
50697
50824
50851
50853
51068
51105
51133
51249
51351
51382
51458
51474
51494
51503
51987
52089
52521
52717
52734
52812
52832
53017
53234
53236
53266
53284
53301
53380
53715
53754
53781
53812
53924
54019
54056
54065
54359
54615
54623
54714
54861
54893
54904
54924
55015
55060
55086
55139
55204
55213
55235
55367
55388
55607
55786
55875
55907
55931
55934
56081
56105
56603
56863
57021
57031
57142
57147
57180
57256
57267
57341
57575
57993
58358
58367
58439
58484
58572
58642
58662
58805
58831
58866
59048
59074
59192
59307
59319
59631
59742
59762
59992
60036
60245
60296
60372
60413
60605
60733
60870
60913
60933
61484
61524
61569
61600
61603
62072
62237
62243
62687
62740
62768
62896
62990
63047
63146
63168
63213
63338
63388
63638
63698
63705
63716
63778
64000
64045
64166
64172
64279
64329
64405
64407
64473
64519
64595
64881
64952
65077
65263
65354
65371
65480
65505
65561
65639
65648
66015
66046
66383
66404
66789
66907
67341
67356
67386
67561
67594
67654
67706
67830
67872
68023
68044
68067
68175
68251
68460
68519
68632
68735
68859
69027
69413
69563
69684
69759
69864
69880
69922
70125
70252
70286
70407
70668
70859
70860
70896
70969
70976
70979
71052
71129
71150
71250
71526
71579
71642
71652
71684
71757
71871
72016
72068
72367
72407
72432
72467
72626
72685
72739
72830
72920
73077
73392
73431
73658
73666
73830
73880
74075
74090
74181
74186
74197
74229
74670
74863
74916
75076
75121
75171
75401
75434
75443
75471
75477
75699
75760
75804
76009
76247
76253
76498
76591
76593
76772
76856
76867
76881
77239
77311
77317
77400
77629
77657
77723
77881
77923
78028
78121
78148
78198
78209
78316
78412
78460
78587
78612
78870
78871
78962
79304
79305
79308
79373
80066
80256
80260
80596
80788
80800
80976
81003
81039
81048
81071
81183
81316
81655
81669
81770
81932
82304
82437
82473
82644
82691
82692
82940
82982
83102
83109
83229
83231
83374
83501
83580
83601
83679
83790
83928
83940
83950
83958
83979
84224
84373
84418
84470
84583
84661
84907
84917
84929
84960
85019
85106
85219
85245
85282
85435
85589
85937
86213
86752
86827
86948
86990
87035
87291
87402
87450
87498
87547
87583
87756
87786
87844
88028
88048
88074
88133
88205
88305
88345
88561
88634
88683
88722
88905
88919
89124
89208
89299
89637
89698
89735
89896
89909
89968
90068
90235
90421
90621
90632
90696
90759
90839
90885
91027
91029
91058
91286
91289
91838
91900
91913
92052
92063
92238
92315
92416
92491
92596
92611
92613
92765
93069
93267
93293
93334
93502
93516
93674
93706
93847
93850
94063
94310
94375
94405
94406
94571
94600
94619
94667
94677
94844
94852
94961
95116
95508
95539
95559
95600
95745
95788
95967
96206
96296
96596
96597
96738
96810
97072
97080
97122
97147
97165
97243
97273
97363
97481
97483
97585
97769
97892
98081
98258
98485
98788
98981
99059
99066
99099
99160
99180
99206
99277
99416
99523
99605
99617
99618
99637
99653
99724
99784
99848
