29339
16772
58631
71464
54109
79204
35232
61820
42889
22399
97829
82714
33644
28144
34377
6098
62372
59906
63676
57768
24272
83821
41383
31901
59133
34083
68138
89331
4363
80147
84922
1673
85189
66885
23167
17759
59260
64708
23309
54486
85354
5679
9909
37907
64046
54509
50143
65089
39977
82185
98043
2031
58043
75747
15698
83016
78484
5127
84795
30121
4267
94182
30271
89909
27688
82555
78377
77624
10973
62617
32287
62534
39065
33688
13509
4228
80690
57996
83605
94314
77071
68243
55294
53106
13374
61061
59443
45777
92728
5917
50883
50420
43855
18477
87695
38000
83954
24134
8053
64317
17931
4257
76937
72538
7902
81396
42088
16525
53752
39102
75333
3734
68491
21890
77885
54776
94746
57643
80538
46075
21866
89773
28543
35567
13371
7053
15089
59234
23627
52193
68136
454
16153
55895
23828
62740
23214
34833
54907
18635
51591
47805
34492
24944
43649
69894
49042
55248
74161
12350
90546
12991
52976
40437
7490
90830
22141
47702
20744
17744
46765
86679
29894
64558
46596
71774
78650
69595
75321
23807
88872
88907
42014
28763
2268
44535
77284
28448
48801
15518
81191
7934
82030
94216
67625
3506
64352
32901
18783
54876
42455
63934
29378
92296
8353
33011
89348
34219
51127
98151
18157
17483
20166
86260
24512
24144
58261
72163
84960
57800
87782
36433
9641
95660
66237
65614
72562
97550
86403
48222
51116
40053
16027
82661
19781
33954
84556
57477
24344
74786
36084
46988
92982
6573
72503
9512
81019
31054
83616
36236
8214
29390
48385
56100
92497
53731
399
96525
81246
84930
77140
27776
90778
63637
12228
73922
73035
64876
45534
76675
78368
66980
83012
41757
86291
77900
33760
38973
36807
95074
75423
84155
81373
95303
48376
5595
69014
1829
96501
12820
67464
70284
33788
36752
79591
31559
41078
67880
70240
16802
55175
74052
59231
77305
75676
42603
6683
1414
84903
22778
61524
84035
15051
16446
87897
39445
33472
54055
43808
77557
95557
16773
10030
24104
95834
38559
45183
28117
27919
40979
88919
83655
86602
62280
24253
56298
50838
28631
24178
90943
58422
69200
94998
96482
16233
10504
72914
18471
61983
10787
75910
64611
42501
54629
50349
6914
39683
16165
5233
33939
98833
20099
85061
95018
77444
91101
48058
10144
49258
69734
84011
1253
36325
22588
43420
77863
17778
66354
51296
47532
63635
51685
70226
65836
48753
36481
46277
15602
42534
19109
68242
68737
55269
61311
63883
3018
63263
26645
91914
94895
51583
53214
85802
79656
23952
55552
50814
43067
95109
90339
37783
61720
44531
70703
73696
18097
646
63222
37862
12554
77801
52698
51134
91103
56767
11518
98297
94871
49762
68750
755
30835
13575
4099
89029
21664
62457
16781
64969
98313
20208
30075
47683
41337
70818
26468
60773
16833
28237
15244
79933
89967
2236
62771
14057
65709
60086
80238
23557
86856
51606
20412
99222
72181
66511
73338
93709
79228
51262
83291
11624
23999
2892
75197
29709
9214
62615
76251
18001
4886
7567
39428
60157
9855
64521
9215
98954
51183
88744
80570
42938
41416
85551
28712
51977
44117
62430
97
37907
13471
93830
11232
88139
21918
15001
92630
45199
77497
64926
34066
86245
47271
41650
21487
66558
89769
18637
58753
87599
7086
57235
70440
54910
73336
46067
2231
65158
3324
28339
64704
68632
3658
75853
32860
95389
50700
59475
72671
69608
6382
23352
66468
63418
38284
83717
95083
33671
32474
64112
48911
67694
86631
79125
10404
28738
77251
51849
79643
72374
39358
72417
45086
71805
90850
25956
55458
53598
74328
59230
40762
30239
65013
98784
23978
14052
75874
71309
64357
21893
55193
42652
1373
68656
29048
86971
41148
13569
96568
91081
89176
39485
39982
85802
68098
30025
38669
28591
91766
72336
39594
91188
18599
96691
43521
12721
45810
34589
75305
11624
90781
64907
56037
51229
19904
50728
21138
20128
30760
51934
79900
66060
53697
41427
47921
11237
99111
39695
47961
60579
83054
55706
27669
86137
78449
80096
83863
69230
21361
15543
94646
99854
24063
7343
85975
91304
45119
62995
49221
17836
88722
43145
49826
79821
9073
27901
40462
17789
26711
19915
33596
25457
95763
96084
30268
18151
92922
30782
53274
93310
71569
3011
97171
16034
6445
54933
79390
54283
6851
67410
47269
16561
78621
69703
92417
94215
61560
11309
34520
91876
9237
70436
36799
9846
27205
65074
92637
78604
44524
8302
4011
92679
17104
68009
64029
55812
23316
22514
21682
10921
58145
5044
69489
13942
44388
88339
97920
72618
91307
84198
9805
1737
77421
9289
83799
90538
87518
29970
68554
65887
3031
93458
53894
14027
52212
63242
99588
96010
45658
41211
71209
76191
13052
1934
51187
93624
64658
81897
28831
71542
60079
97204
94134
57257
70733
51181
41933
78749
21665
18282
26194
50659
71119
56402
89475
11659
17205
43679
29040
78378
22057
63675
26351
3394
27105
59958
1994
5699
77304
79075
62372
89190
27968
15267
69981
47536
50506
84985
89379
28253
35162
54594
67354
47416
12687
47674
45795
95281
10882
79922
92605
4368
51193
70835
74601
2365
84601
41764
55812
23901
52469
29021
70418
54182
33002
30353
91233
2913
62289
24125
54623
64086
76433
93909
96684
47536
78825
3569
87250
47612
70593
15093
77472
36727
20252
44732
52178
81624
77340
60750
28752
88295
40608
28587
85624
43142
43765
5701
5661
79642
68141
66912
73219
77689
74451
36755
45907
84323
98541
25494
51683
45052
55438
2379
11509
50906
43720
24154
40956
67289
7699
67508
51835
9322
71567
7468
22504
1555
21826
54644
70464
40035
84209
60829
7477
6388
49703
68181
76393
77993
79011
96257
63242
32825
88782
4438
10364
72322
5909
80950
25972
56464
24574
30970
47905
59748
97860
55588
70379
74770
82151
78254
72119
86702
25869
85898
62454
23405
9920
94908
3969
93578
19939
32038
52305
22764
25129
28274
5713
29829
24268
23309
80903
15291
58932
37279
999
90589
72451
54476
84894
63202
70078
32593
87114
72244
78544
35253
45552
25485
98415
542
21109
45133
32361
12352
73319
10046
85249
2365
62225
36646
25594
17639
77000
89733
38451
45895
81523
54844
9388
61709
3833
76721
8466
64689
23431
3543
68045
35544
56641
20931
21974
52379
19366
47303
49431
84061
26085
71546
18528
82357
74480
9745
93390
54704
22563
64495
15731
45256
83046
20688
6660
56507
9069
43658
97607
70769
20402
70162
67150
46025
35305
86687
53712
13179
30523
32455
21298
23453
69525
54610
44306
978
5490
51760
14994
80069
93373
54175
92338
91286
23808
61800
12803
98094
67859
31233
26665
40812
58346
68237
63631
64398
56641
22859
84701
80283
92796
34160
25719
22686
93335
96997
9093
31708
92590
7807
78796
46721
90037
8457
37580
86446
85348
22214
4937
46951
72266
91719
12427
79297
73305
9386
41650
18835
54437
91088
90703
48777
79848
23517
57985
79042
50446
26794
25611
17059
84180
3915
13872
57334
79743
96741
11058
34175
627
61327
75165
30064
22841
79404
85363
55564
98955
59138
17741
59066
59694
81507
26970
14717
20985
42145
80524
35243
66602
6839
82352
98288
73816
42511
50987
23780
51732
23758
46636
34709
70373
75414
39019
16845
67819
86613
40472
36092
75398
68298
13039
83512
58081
12246
59279
34624
33130
98275
87819
20159
84891
82084
71009
92234
98733
8344
18376
14342
81871
14333
74941
54589
90543
69806
62987
54183
73236
16716
45227
83585
352
20074
40089
12062
58963
12959
33595
67523
13115
52054
23904
65839
52955
73073
3919
81069
66420
75233
41485
19802
15031
51568
29897
98734
85148
82563
14053
35282
17834
49554
49051
23395
53165
87225
4041
37458
35207
31719
31437
52595
41092
5483
4476
54672
28140
30933
68951
52660
65241
47541
95997
40753
27746
70192
6102
24828
16455
8255
15079
95594
2043
19682
319
79071
63654
31288
17305
68431
58038
28386
39596
2095
34873
75961
99619
72625
84740
39435
89360
58021
76889
88336
77176
38813
78680
9767
93437
13116
82701
13833
46055
94031
54243
92586
49989
28868
28470
29589
29883
60607
50460
27619
37385
63640
98761
29854
43535
81237
69987
34654
63115
40425
93182
5636
29732
96160
99699
94181
64016
39057
72795
41399
97130
34240
46952
59561
26848
71606
56852
19488
70235
36323
72921
91679
67415
18142
54956
96629
61595
21665
55110
19068
815
29468
13963
16883
75996
82803
5621
34041
86545
2499
80241
61805
33146
71971
37156
34642
64175
78333
53322
76642
30522
84066
20300
53523
90938
50937
45559
64275
50377
35721
70171
35382
92561
59699
27802
49128
86452
63895
45636
35010
42239
30593
11281
99574
71484
89102
624
43720
51603
89396
21919
42442
39755
22289
24081
22193
32897
27185
73290
25083
23604
55833
74774
14633
25481
30871
43732
16609
36090
14678
42951
12195
88675
20768
7969
11375
75603
75146
28
39614
57244
17481
29530
84993
39518
63835
91425
26490
98429
98227
95462
65807
42699
51106
21069
94409
46022
48333
21550
64690
83786
17392
21453
42455
63049
666
78906
44823
97806
77160
4204
97697
47649
3594
11066
48410
50662
75587
63672
78039
34529
86167
46189
42263
52450
72052
50869
35277
29581
28468
51234
28240
98717
22802
13478
7519
31899
75494
48379
64029
93856
65017
25751
15215
8602
7355
74889
56748
59999
9016
64079
87984
32967
87911
8338
59319
99534
21823
53244
40876
8616
13865
77717
33863
71722
64013
33627
10185
51049
10566
83574
24631
9848
72881
78761
38917
57097
94918
6712
16858
4880
56623
55548
98080
11905
49021
30554
59703
70814
78618
83082
72852
1961
80241
52984
93528
52321
33538
3047
89130
77759
34969
36156
69185
44263
76599
53636
27311
41278
62005
22091
54718
89312
5263
30505
68662
37076
27526
10188
84382
96751
49905
935
64947
89757
96497
1325
29010
50102
6199
76540
72830
76190
33023
56509
25083
22342
9098
99617
77251
59743
75765
78956
333
60553
41881
30471
64487
82849
31612
26892
10383
6230
31579
58983
40747
11167
49554
52419
5567
47107
51172
29049
30095
5510
48220
84019
42571
15936
26495
95345
77343
93544
48555
51076
3950
74476
22069
24659
19366
29091
13532
56578
66250
45549
93199
20378
87450
8135
65125
95762
7819
84171
14350
63527
17236
58619
61155
78950
77446
92979
87438
40519
30085
54967
28144
3934
57340
37946
67385
78897
63983
36741
26762
40198
96613
79355
93556
65010
26441
66619
87620
5266
29739
62283
25935
98897
80564
9713
1246
4097
49488
7395
62017
83695
74808
13000
11548
83845
88214
50642
76375
50693
99148
70110
44558
59088
6002
43858
12069
57734
11526
34674
73003
32702
66088
21749
5504
71594
20384
29442
19663
52310
27570
11510
96147
51669
25341
27154
81765
43244
47326
18839
87943
10181
58963
94689
71656
71043
65169
46485
53582
73630
41010
14720
94433
32063
27258
1629
56750
81112
70767
32275
87444
45968
81566
11571
12730
62077
55060
37264
85237
23900
85645
81556
8251
37209
27026
50159
7280
75469
83494
98225
5180
46281
92094
90201
10743
76005
36009
26243
95262
88258
23502
75984
89224
23141
26730
64842
97431
86077
45117
92888
1726
64237
91098
51222
95089
58752
24462
26414
16394
72810
86122
2063
96083
73108
47947
29503
15836
11919
66869
47177
95822
19210
93971
97033
24221
98488
71563
93736
83173
23699
37854
54948
18179
94134
92080
12691
15783
1370
2944
61026
60114
50057
56319
97754
64467
47952
60530
48354
67100
40463
26937
68253
40467
27441
64351
59688
45707
79221
8585
22956
34096
18785
73172
32901
21365
63766
92512
17844
73122
27012
74377
93399
42329
73058
62448
7857
46106
92465
8695
89222
98914
83656
86679
52212
28912
26104
29235
96985
16961
95328
11310
81381
69728
58695
46850
13315
43943
36557
28924
97742
25316
37522
41063
73813
35738
88311
12865
34882
82272
92338
23588
10094
15643
4469
31308
56397
31719
91238
57733
8432
15504
20203
77368
56270
96056
6218
75171
42968
37524
75035
71194
74384
58806
82161
82513
59336
47128
6024
68429
43802
1193
12114
79488
34083
71556
58268
40819
27706
20196
58014
68377
33310
87019
91832
92829
32227
11286
22600
73107
76327
24906
73316
42748
68041
69686
80850
39961
784
33444
35951
26748
67491
69087
61419
33802
34141
45673
84907
84460
90905
66290
3901
99249
29311
19050
80208
53839
93179
47241
83505
11382
98232
14689
31681
60296
70202
22638
21183
77613
83984
26866
76572
30028
98742
94476
42845
82475
15832
48709
30695
28097
4799
9250
87907
73724
86222
71417
56787
88716
10821
4416
11822
77059
89832
45345
10001
24108
14326
68861
97217
6548
93193
90082
20247
85748
36816
87510
48980
81643
34956
32513
9817
67436
57884
69931
45873
87634
39494
71501
46218
30193
89274
24211
56589
78445
6976
8854
10263
98269
13071
32486
40799
59276
40709
20690
58640
28273
35671
11428
12054
9578
80717
866
59684
43106
87079
94298
57045
89768
33716
89505
34839
53459
95377
12338
34781
69324
42442
51913
37445
85746
66474
68609
67353
3202
80067
93616
16162
83577
29930
8647
26276
74817
48160
40849
61543
80961
64107
96343
95720
21141
9532
2542
30791
82022
53356
59368
90421
62830
72683
79159
4068
79204
23940
36942
38641
34622
85519
36903
4609
16778
83716
52309
36849
44454
24996
91711
19444
47034
45694
24337
41469
72758
41693
51046
72792
50971
78826
96842
41956
32416
74908
26787
54288
97891
38561
19447
67235
40613
96623
21524
62562
19483
55930
42485
3991
73446
93748
9346
10250
11256
98196
16045
28712
1925
91134
76037
66421
96531
17211
8216
11709
62943
17989
1789
53852
40473
89496
69963
28257
1651
32904
94066
60646
92058
41286
10994
88885
35093
46618
55364
16372
75234
29323
93817
14551
23499
2644
86767
53304
62412
3313
13496
81642
9374
6563
62144
19997
65405
65853
1535
69129
55444
84182
40785
61233
19473
77869
48770
87142
46481
21442
14600
53373
71181
89896
97451
64237
5619
55186
13488
15469
51051
45004
15299
62321
65590
5879
25464
21937
46812
98541
79133
30635
67743
24880
76764
5635
28366
58069
4747
61476
83638
51189
44241
96177
32791
45558
422
75939
66939
6183
12781
71114
65763
41670
27796
12209
1893
1122
42309
11744
77782
76066
75453
63606
77510
80550
94301
96478
78251
55235
50855
89488
56094
88095
1407
46067
5614
20622
32775
15537
39295
97635
57641
2968
39682
37371
56060
51503
55769
10387
77126
20866
57360
46410
82550
53150
42914
90536
95354
12919
95768
33750
31466
32070
64524
19302
91895
25768
18507
74578
61057
80850
96856
69237
52742
69505
80168
49869
79253
6010
36179
9835
4003
11596
92309
79363
702
54354
33951
41559
95660
77552
19412
38802
13077
50308
44394
81176
37024
82754
85580
90806
31039
95284
63200
52771
540
48539
82730
35066
95758
31196
96408
34794
79248
30969
30717
84981
98262
70656
52343
39115
90741
48979
8603
18389
79098
54533
8851
55016
52453
46069
53753
72932
71784
59698
62317
36587
57092
9786
68260
5328
23295
93910
38854
50625
85272
6507
59038
31714
61053
1179
33153
56933
29306
75792
34831
18068
70546
8699
42618
64573
94733
31443
89191
75888
53114
84985
3538
11201
92689
7408
19068
41095
1376
41064
13758
91426
34972
31341
98712
99957
22363
50730
67745
58806
77866
56845
52326
24185
21204
97542
31591
39976
75939
87976
9083
26545
14512
45338
97740
94754
29735
47004
16033
93629
17738
93485
31768
42572
96042
76462
79099
57754
79260
58947
2889
73881
89621
44471
52858
3572
94870
53141
48338
28119
36632
49192
76683
45869
75792
45954
93276
7632
38614
12327
34147
39622
66872
91244
2069
46619
54417
27076
4999
79902
48718
36636
36810
3021
95857
97506
992
91083
40055
51196
83073
39208
34968
59741
60144
36913
52608
28547
42017
28027
49835
69798
58208
36771
95799
44591
29075
40610
27047
81411
4381
46688
16879
44518
58270
82973
59128
24554
7604
61964
33924
20938
82451
58814
22925
47794
58798
32495
7930
62110
65239
63794
90126
92453
30203
85874
61368
71141
8787
3118
42855
10130
82185
93809
38572
41298
24951
44860
30734
66439
5250
53572
18695
92240
65799
26028
89216
12889
35406
39234
11576
74666
94050
84652
88626
13478
89188
389
23363
14294
22050
39641
48130
96355
76267
36826
91473
11573
91096
48155
15668
23112
64313
43379
63802
76481
40471
97794
14752
17724
56994
40393
84997
23615
93302
98661
33032
79604
71379
65344
75691
95197
47741
9781
67241
2849
12743
20529
62281
2427
62043
35283
51837
77170
43582
42505
89036
40487
55949
2460
75705
58101
87558
32851
83263
86881
38259
17735
67072
49242
66796
61451
79916
60100
48450
52758
95046
7271
86616
21705
49277
52647
63507
63407
91101
21148
19095
47211
61945
59755
76518
82297
98527
25804
19052
6144
15843
24184
94071
19526
85101
62614
4708
85240
36369
47525
70756
27131
78763
76110
46859
23166
13664
20859
13425
20835
17623
61623
9676
90952
51339
83099
10686
58563
66728
91030
24391
69233
21865
26251
66858
73796
23398
83292
54321
16279
33262
5184
24047
45705
1979
18844
73237
4354
61309
45729
51827
90538
54947
53190
62521
32782
6684
1275
43492
57316
96849
33707
86500
404
23330
94790
2993
85851
23358
55322
43811
59768
91691
65127
61578
11141
18518
56453
32850
82551
96582
83747
4820
66019
89226
83911
13498
57233
22578
72437
62033
94542
66782
76428
71999
12055
95684
92158
54780
41564
24193
72175
78970
70142
38099
52677
78947
96270
51517
61729
80380
53907
49806
60650
15338
73092
33251
31368
23913
79023
366
11632
78014
62412
58738
99567
31178
89556
89960
39088
98419
23164
16266
90159
57287
20846
31119
39409
27931
76347
89580
84526
25645
98142
37894
7030
85238
63260
11378
37231
67230
5002
16753
19320
73484
58242
52707
45417
48712
69431
8678
19710
71958
61755
74592
45856
9158
80977
13368
37739
64159
44217
40813
28704
35090
81961
49489
67303
79956
94032
3498
67509
10042
63959
39192
22693
83816
26632
18556
95335
81705
80650
54076
40091
11950
29710
76962
24769
62898
40279
91398
57687
36218
35650
83324
8002
23455
39721
43770
86149
79652
91801
13716
66393
13354
64428
35538
79322
14536
73642
24886
26600
42873
79619
50887
86308
6543
66738
53069
16135
11380
29449
19835
91707
99924
79724
63688
89602
12907
61209
26300
85505
61159
16655
62878
87332
56491
58835
86202
61344
56154
81263
83511
37163
34291
88514
81842
31564
45072
32243
94615
40935
16124
11397
42447
61503
43835
19731
9060
25447
88429
29874
3671
17659
44264
81814
97888
34405
62781
97029
38034
43211
96574
30317
75255
6170
78865
57984
14515
88035
62429
37429
4033
43909
35138
85422
24262
90608
33823
1878
53066
52324
62964
48040
7002
7499
78278
45252
21264
59474
90344
70088
66953
25901
35014
68074
55141
70393
26113
90243
61239
58925
78938
85576
44153
47388
81117
81435
46085
77562
28470
11958
42444
36352
99053
51792
58549
33420
89824
26211
33203
72232
36353
44579
85206
30278
84047
77532
9620
98492
4761
36358
88153
86397
4845
24738
48978
74820
79896
93413
23334
25144
31189
97610
9459
95713
30317
97315
71827
53934
62541
57080
86657
43448
60563
51782
41270
56599
67302
19297
92569
90895
75151
63465
53241
59492
15154
9904
1588
69753
16233
29551
74475
49510
15728
84151
15011
68232
89148
54761
23990
34745
3555
87514
42417
76929
42955
51231
37050
5092
19034
39926
17296
12834
43808
77838
46889
32237
37382
57544
43874
35790
34915
48233
91772
51957
97932
40603
72389
27571
58833
43201
96060
35933
5152
33469
29447
46903
926
9077
12529
56968
69412
11371
2213
40602
73348
61352
92342
78535
27819
41890
79156
30686
85678
87105
7503
7639
33560
10056
49632
28130
5133
49640
81899
19432
59336
54421
29858
16640
75592
44412
71444
93576
931
44045
20051
66483
10882
80650
32485
30223
42774
33746
22241
51902
76041
25332
27171
59810
48184
13420
2432
50958
83504
81963
10606
18148
97710
83478
82444
5676
21879
98169
8648
75612
35777
53621
68844
80994
83642
31025
68757
38852
32675
80871
91596
21916
96274
48607
79376
18223
61691
52841
69383
97639
20982
80867
64971
27867
7453
272
39571
92477
88276
66443
73024
22261
80622
31292
23712
6624
18299
4243
53447
41324
7417
14710
66447
52957
75147
36090
61062
281
16882
77328
36759
96786
75805
2970
69909
43548
22670
70207
14390
73528
8261
72904
2889
41625
92252
45384
93735
18404
88571
52788
50844
78263
14626
84382
33017
47477
36490
82584
86513
9466
12065
38549
31102
98404
33007
26419
31395
29224
95170
35552
57329
59465
50215
19784
53982
39319
23876
93107
82197
21460
79486
27298
26070
82055
52035
9020
12810
27616
84293
70985
77535
31214
62260
21839
74648
23899
90444
82105
30183
82421
67266
66479
42114
94041
64748
95489
21740
93836
79129
89990
24909
56389
31312
2407
43022
29069
75537
6803
49178
49178
62287
17271
291
22092
97011
53154
7763
75115
18652
31529
18352
21485
37959
32838
92167
65109
15458
5427
13844
29997
24275
98253
46757
39657
95451
23177
4495
53861
26809
84470
44943
27139
78092
57521
5437
62613
63724
8109
44665
30908
95056
57387
34610
13862
77044
73485
32348
32209
91691
41646
14910
93301
46823
71187
19357
82639
50362
40018
99718
58555
76355
70828
77496
77342
68262
36086
7520
21234
66021
32797
31202
56516
22892
96646
6457
85740
92696
84542
18850
18242
94702
74237
72686
2281
92611
35041
3713
38636
93115
57503
86358
79053
98052
79950
18122
9914
33288
33429
4806
56303
43594
20023
90930
78333
63194
5903
7522
2083
5559
73957
17467
41748
39173
98738
48100
20040
28694
40695
52024
23227
17019
80672
35476
18541
97488
57250
54831
60304
7125
53739
51339
62328
16903
6467
71768
72874
94218
48497
79326
32890
77261
61685
54100
2790
30940
55387
92334
63911
22638
51622
44876
4299
68318
99131
42348
73521
52337
99825
61746
19342
88341
34940
22224
30021
79858
31413
17868
85600
35987
97466
3241
75066
95013
79519
13411
75977
78118
89396
55922
75677
36310
11067
50492
67795
16767
2045
34668
41995
76943
52551
24849
44440
9334
43874
31995
88023
99043
84353
92225
63961
63519
99229
97974
41436
41119
60115
46616
45481
48249
72792
31762
12553
91314
49101
80375
98294
21708
83680
74271
59488
75128
17742
66532
83
48000
61074
94645
94612
62034
68760
38955
20037
64768
3507
1045
73221
23915
29964
50689
93191
47643
48636
45488
62107
43129
69926
96876
99296
42917
84339
6132
20605
85824
11046
49479
72662
95807
42958
69870
79115
47137
27329
2396
6815
42926
81328
20407
13189
31607
92493
14198
85702
26616
91995
94214
6855
385
71961
7754
32423
21607
40801
98878
17187
11395
47520
32416
39589
3901
19624
90352
35145
24635
35734
44244
28590
93144
7847
52835
35150
44289
64699
82449
68201
74293
90178
56584
23329
45200
17469
47382
63183
99893
24916
58455
97995
78503
7691
83300
86626
79311
73946
74483
52880
5605
49411
42860
5915
80006
55623
13756
64151
30682
18496
58673
12908
16491
13180
30854
39589
42638
11447
61472
90243
63325
86887
42580
91384
8676
93947
41119
69317
53046
14656
9494
13493
14837
60640
71711
91533
39610
4075
58609
36325
63245
18627
85018
44168
51108
15807
26283
95283
71552
51210
67288
99240
78240
27761
9620
11462
47668
88620
45292
56662
6418
19779
1379
70225
51381
63153
13652
96175
55052
89495
48765
84364
47298
50148
25651
48897
55638
12188
34914
63840
88118
87676
99077
55726
88752
97245
69970
37354
11976
81367
70199
20106
15915
43436
22690
14067
47992
72775
50558
15405
59693
70592
18372
25227
46383
28480
4683
32066
88182
75509
78770
38496
59605
13075
41249
66489
50892
77544
61494
21214
87122
40618
78945
97344
5033
17799
92210
62674
11877
92419
65581
43336
51477
32188
86614
10756
27210
24666
97951
56468
20821
96250
57643
92080
6660
22331
28316
8536
83545
39537
745
89394
84449
75481
34768
25062
93726
81785
76047
2112
90899
37272
25766
19404
91719
25416
85982
16154
26853
1290
72951
37751
29896
41616
13375
18822
94573
34887
73808
37055
33148
94878
1722
21552
92866
57492
76372
39047
58445
21192
50028
61888
42648
1485
41853
36387
51486
43206
3791
4795
93367
76910
37850
73226
30996
41520
37189
70272
83807
63284
1776
40368
60107
5883
79472
51681
80364
28319
64745
53624
26612
82482
61403
77529
27605
93520
71385
98534
2388
69646
66604
93680
22003
52379
82369
4759
48466
67850
42276
51548
86398
24469
80283
77136
69558
95536
23561
73135
52011
88560
27727
76191
32165
32593
92125
84316
80815
94209
45404
64905
97360
79010
18468
22157
85663
57919
6419
47220
64857
47315
81612
20420
12483
37115
81071
72928
50882
73639
32303
46144
92379
92169
92284
71562
84211
39961
57733
53804
85521
11336
93397
80281
97222
43868
8346
61481
94583
42198
94745
85307
89537
8294
16682
59560
82519
33861
33224
52682
65988
42662
34978
42424
1794
29058
23101
61074
52152
27150
87454
87328
24655
94781
90440
49950
97861
42922
476
12359
71136
47340
58124
23332
18463
8022
10536
71674
76132
15451
38145
3142
74707
60915
22886
17291
26159
16280
43007
37519
15212
84960
23570
38769
54686
44545
91942
17764
26503
40739
71531
62105
51604
60081
29021
30992
1094
30790
95104
12535
96570
72726
24752
73111
94735
73070
24060
90937
61663
17241
86475
55351
70690
30901
48300
79012
87513
6194
52448
8272
12459
54738
23666
35830
50415
78259
53841
51913
76459
54768
14333
30335
32397
69865
87394
3055
50542
76070
90474
58458
94692
74119
34759
17212
788
44312
37028
72593
86815
47436
39448
57279
13377
92012
404
30173
10260
19545
2082
35402
41440
68363
4836
68872
36892
23049
15405
37994
56910
72299
27195
63043
81628
17493
2522
96652
97404
4397
70521
3084
78560
98850
91547
28743
53019
28150
14829
55965
76618
86882
18484
54322
8154
34248
23628
49664
11149
28508
43870
33581
17735
31222
39317
4098
75794
91730
47787
38940
84331
83253
59965
94592
95274
36950
25096
14473
70818
79703
20278
78974
81957
6500
83086
61671
12825
98768
56286
16675
86629
30571
70565
14108
8237
13469
43752
37104
89828
48498
34112
22489
52548
92013
862
79555
15411
16633
50804
62851
57224
78681
380
64041
56403
70936
29892
17478
54281
14664
30430
47105
9976
33033
9019
61157
57774
42240
9795
70387
97638
50994
21735
15709
95515
18534
96304
6825
3537
89121
8823
62867
96128
94323
20475
62835
4492
94473
48056
25758
61525
67470
75937
48412
34817
66047
92986
42373
47843
3339
18384
52889
79094
62231
77984
72977
64384
89018
97746
22575
21192
46068
39459
81374
73281
79312
42356
78496
53549
43207
17250
14338
88314
63386
94091
17545
92897
64835
6030
99533
49899
44680
55514
37645
91221
85596
96123
77378
75354
58498
27885
13843
75904
84798
90849
77994
33904
20629
83550
35137
97572
82047
78781
45634
20043
71703
72341
29410
34169
62180
77337
24600
54909
11199
99232
44350
84584
78637
65610
95050
75865
56666
18999
44996
69563
56221
9587
58994
7828
99645
43875
56222
45707
13844
85248
17502
26379
1916
74070
6840
29179
40699
99112
41950
10983
54745
23754
94718
23413
55541
72168
57722
56592
89898
59980
64062
58752
79548
27751
32436
7184
1373
37039
6179
76462
62211
74496
81755
52717
78337
44339
17130
60993
46313
98809
89840
93764
20132
49006
51739
72508
91492
68642
35116
52088
2666
29176
31720
43822
43575
344
33457
88164
19594
63061
96185
68598
43312
95205
23039
2698
40325
69104
64611
58954
2815
68057
4483
82643
92508
71868
89898
64310
70497
56414
46499
73254
14308
32247
1900
13891
13429
46024
50007
23131
4571
99692
76913
96723
7273
29059
83802
44615
64433
31327
58638
64108
16248
9959
13796
61967
90403
57914
53566
42419
79792
82948
61737
9321
7271
33339
80122
87458
87108
63997
10545
23857
2920
33654
34362
83593
97322
8896
27757
50832
57928
33828
73971
38136
27524
73815
79628
71164
99620
55937
68520
42642
94608
6421
42405
8994
39647
83052
1979
96322
45740
67032
85625
24110
84533
57180
35844
87749
22001
55874
83439
70207
60843
63419
27762
82540
79730
77265
23217
88598
57503
52601
91039
58989
4861
19602
33949
58309
65102
49451
69710
94221
64353
61812
55652
50761
72756
13652
98931
89492
60962
27698
77092
47569
88592
40300
7040
67960
68801
220
42111
45098
77011
8809
15931
90022
15683
56447
68686
3704
86026
94245
51372
99971
57803
68815
84323
16834
40068
75541
51093
51383
71997
61961
71861
93782
97680
89367
79257
38592
24230
53615
44610
22868
69909
90063
20096
62816
79559
92161
70359
79557
70216
39047
63687
14184
25249
64584
82027
25241
92438
71016
57691
99986
92993
29221
2660
54428
44047
99730
20767
86397
61913
31718
55876
64003
76918
98781
54910
981
85669
71839
29978
93196
4726
42763
75867
56546
26756
17130
25893
27156
73821
40128
43215
65261
14536
97584
64353
74817
88317
44642
43558
22172
62554
72873
12915
4490
65758
7968
46875
47322
25917
37363
62831
81381
19699
41994
71482
54087
92943
39593
85200
23582
75476
97633
27256
7841
88301
72297
80992
36450
46039
97959
90797
80565
94788
63225
72157
37726
45918
76343
71584
44143
94640
53821
13060
80796
2714
93915
64247
15189
51603
80302
19303
17458
96931
26560
98638
41733
67097
12056
77930
21994
48801
78817
46918
74295
49128
9783
15680
52287
39516
13060
85680
56185
96022
14109
58266
15560
66129
57009
89069
2057
70386
26549
24445
39929
55001
20238
23832
206
55745
13400
75721
11765
58436
68844
47703
31601
92940
1872
42825
25206
30118
78678
1874
10300
93399
91146
22427
56140
82970
19206
49092
59663
57272
41550
19935
41887
93104
98743
49731
95595
12688
85098
38449
98503
31242
30343
94179
68535
95640
64104
42658
93767
17060
32904
790
96858
315
66914
7056
46117
4737
49320
95207
44626
79765
85015
27965
4545
67682
88484
91626
7102
44886
39582
52753
87211
23452
74648
73963
96903
99092
3074
71676
42633
98543
15826
41621
38171
99955
39324
77264
73804
32087
61712
85132
2651
79261
13198
16592
84343
44064
5462
65369
40064
45102
48003
57425
11578
11840
45378
89633
72199
89323
79902
51816
75626
63039
11798
74788
97004
44992
12915
82556
89661
17540
37681
62235
29617
53075
77928
20447
5821
39100
23753
71549
49321
41730
6785
11252
29352
2926
69815
41448
84107
15868
14951
6554
47597
24977
18458
26723
28550
72221
66959
19723
74731
58341
57211
93947
84813
21305
96165
77676
75550
75250
70128
52780
29127
30896
46203
52760
4475
92897
18674
50277
92280
70142
60129
88103
82998
5266
94916
3972
61333
39460
56369
70352
75767
96587
43828
97113
53952
8865
25937
65498
88127
72422
39655
4446
99583
49603
38191
37527
42456
65508
19469
81853
57048
1321
27544
29741
50552
38917
37465
38058
17367
33961
74260
71205
15575
30253
12538
16340
97715
4999
11927
65167
62773
52193
48662
34173
13513
58678
32093
82305
96459
31527
77760
17573
96522
85353
64695
18054
80843
3092
1247
66176
55559
98213
10143
34895
45615
70694
99884
71867
34027
73342
79084
81410
1040
96903
7417
45411
21264
98149
67270
19067
52526
67665
94421
82563
54064
25687
76418
90998
78920
6631
44457
20000
3368
79316
18678
7452
78851
63024
42624
19581
38085
9293
10681
14243
48902
17478
84832
67236
99047
41694
23374
803
96883
49166
2615
41403
75912
56659
76395
91355
61927
9067
64156
63345
70612
45837
60398
29599
75311
22577
22808
5256
93990
25522
36877
9589
76944
19591
63589
27695
30443
23441
60159
56289
72034
17754
62228
18788
89167
51179
7565
32273
30665
97254
53343
23920
87374
68712
10143
1977
13749
6618
72135
44153
71658
11892
13461
42198
930
55137
94244
37313
87181
36361
99591
66109
8191
33623
64321
53134
96166
49184
94838
69468
86162
60769
51168
16430
95304
74439
48172
2207
27421
96190
87048
60573
10923
66681
75253
63608
30148
5318
98134
65452
73024
68649
26809
72770
10132
7263
53869
38643
19770
39582
21864
11584
71478
1284
20229
11371
34777
7080
3035
89697
47193
80929
96398
70030
68689
20249
20786
80779
19015
89831
37833
80695
19212
47679
57240
41351
2879
54231
35658
38732
45362
86402
53822
89248
90412
41225
25235
12029
97612
25966
51862
6955
6582
89840
58060
23595
26092
65849
36547
72473
85035
17263
13547
18928
69765
94856
72995
99943
22188
28968
90173
26938
24166
22504
85852
4476
7326
39185
73493
30596
93746
21901
87486
28493
62430
68395
54868
18829
1265
39991
63925
82329
54686
4827
4716
3304
61375
69751
13312
79871
78619
89128
17624
41206
44585
89508
41778
53351
84866
49712
39592
24241
24991
75109
40552
80302
98670
57720
92750
12876
40973
58277
30407
21695
36705
83931
16767
13649
26503
64601
1364
29470
64573
54453
66897
94770
9358
60112
98104
2330
86288
38567
86101
86129
59034
60957
67490
33560
92152
90204
80280
44865
48460
34306
50191
42710
51778
67707
65546
34735
46096
61627
59535
1054
68632
59356
41275
55024
14777
98231
86817
14626
74814
15085
62352
34265
59922
45997
62923
92460
99697
6736
32261
5327
67374
32530
4927
75656
13194
82805
22909
11307
85500
1340
11916
99822
34717
91236
2332
47913
31178
37191
9590
3861
98970
56311
54223
89302
12919
24048
66357
1894
9654
38271
22063
19191
20460
81900
68618
9060
32340
74311
5293
19867
56322
77733
19251
92880
6503
18643
33578
56099
76148
42474
92115
72925
72797
60865
72830
73669
69989
13070
26967
92580
9340
33759
61850
11714
659
80608
7255
55764
78040
73462
56171
97583
27425
79444
71510
88737
88711
76049
88056
33638
65666
54531
37359
33
27644
53038
85184
69091
1926
33600
87397
23841
82778
88375
60371
83080
49375
64379
21501
4400
67915
21326
10302
8447
47719
42440
14562
57104
54440
90195
25723
37472
42125
37118
91500
86772
63876
33246
96161
79843
53722
10657
17167
82117
71100
90866
56501
8046
65303
84968
99634
88502
65545
30425
69108
4779
66656
73544
86425
95427
79302
85489
78142
56286
87252
2898
9634
29849
6958
79256
59952
75150
35512
66502
28602
67133
40889
21446
39077
88210
74219
46545
92160
35325
2479
73478
26295
1605
6505
76558
39467
74838
5818
76090
21911
69534
69776
4722
79426
81092
37302
26639
66748
28013
23435
11413
70956
40188
34412
40881
11560
73979
76618
73681
94657
29110
7275
8103
37719
86630
2587
24257
8982
27941
32205
351
58757
85624
38581
32695
86056
64625
72184
36645
32991
76773
32701
88888
93743
71726
6960
19413
28792
36790
90689
28735
38811
95892
32058
76622
64886
39602
82716
34410
41016
84457
70034
73884
91110
15724
72521
38613
72370
17621
13334
62483
40754
56342
29279
96975
20457
93785
44995
20496
93117
88996
19136
90291
65897
27738
32057
307
96669
17280
42302
29853
83130
96976
57712
44131
30088
96986
23365
63268
23669
82206
86201
66744
28991
61566
41555
22320
4429
84279
90850
97222
40354
96433
27755
30869
32259
8814
89101
22462
82460
46785
52103
55587
17845
42987
32753
43913
14424
91827
48316
35693
94991
23008
32761
39547
89767
86243
47568
62906
92031
86581
85875
93570
3622
42898
94841
26216
13632
84074
76212
52783
34103
87294
17136
56343
78099
44188
33393
66913
29259
42042
82059
99966
72748
18552
30443
28025
7511
3312
71165
99235
76667
78246
94623
71523
73521
58337
61299
31906
20811
67359
9644
71436
56834
96691
44325
79111
46472
51913
40562
79523
32323
68059
74440
36884
53205
41613
89814
13712
71181
79031
44655
64270
75306
83675
41593
50433
36102
47001
3841
1586
56244
50888
61434
60063
51115
67463
462
11872
82417
67763
5965
21376
6562
76923
44630
57561
77848
94434
61509
25299
64273
85893
55392
73998
95720
71551
2036
62049
948
19700
9415
9740
86867
55326
11913
37747
39361
94158
274
95157
28646
90796
77005
32283
76767
61921
86634
86441
11966
79994
4830
3546
61125
73331
25400
559
97876
93711
72266
5228
21716
35109
27053
5214
23654
66448
93645
35016
93148
24715
31739
67508
81435
22066
35182
40890
80342
69703
84993
30285
25427
3003
72306
75618
69279
47275
61651
20148
15797
63347
99265
54675
33493
74277
19938
69405
8189
11174
80100
24366
87533
86859
42642
30297
38657
80777
24935
87244
16770
44688
47450
54398
16560
93323
98785
94243
50383
85522
10289
79630
41371
80577
61884
19376
32669
11465
28748
87106
73731
16999
24284
95350
72208
41818
73647
88377
8487
91746
11973
3747
31719
78768
84611
63023
4234
13807
77999
4515
71470
76681
76358
50049
47445
27331
99109
66736
23050
54596
90342
96390
26718
29959
94892
58484
51649
10103
39700
91381
78030
9641
15088
67316
46178
67581
63667
49887
15709
43454
25778
3919
9176
60500
58061
47087
49947
94802
41101
93343
10024
80653
1083
94749
46177
96900
47051
62
91447
58392
54579
1817
88590
16227
64059
54130
72185
74854
44610
6423
93704
98838
10673
89162
84505
42871
73038
75906
33295
82680
90117
14546
23600
82301
99346
84960
45219
98392
41892
42612
65016
912
808
4006
51791
56113
67252
14255
72081
3711
21144
52706
734
69294
44094
56460
81381
99963
71806
60318
89846
24437
80014
65840
598
50074
58537
30443
761
51074
66876
63972
2116
8310
47700
49432
4228
20516
40045
7642
8208
15459
49382
62373
80446
70920
51243
5824
55557
94880
52682
19300
81365
87449
51971
78340
9258
3197
2259
61917
72090
26721
8899
13509
76656
55144
90960
7190
27512
12619
69471
63104
29781
9165
72471
23072
8959
28133
47037
39736
88016
48588
94700
60528
34684
15075
80700
56801
51697
46189
34169
83671
46381
8748
67296
29035
61044
5437
99683
36677
27999
49281
37787
10636
85157
7543
53975
56347
9350
85649
87202
49155
13943
34066
45095
3590
36668
686
65506
61778
62935
51266
94278
8312
94492
80113
85881
36624
87599
67864
59928
93362
7539
42788
94364
68801
41274
35454
3777
67665
12768
49044
24547
66409
28496
89432
71362
93061
49994
17287
86772
22333
45562
78380
15502
73257
46594
10284
14992
26865
93437
82623
70893
95926
267
37767
78395
16682
82764
59350
23995
28636
66728
29259
74448
90664
42948
99060
18165
11501
83386
87483
70625
29109
72926
94442
668
86607
34646
90303
6060
40205
46791
8162
64867
87659
48531
69638
36155
48360
5821
81836
16620
82353
60406
65864
44419
24535
36664
96630
64274
29591
66903
2851
40141
92934
36565
14483
66075
441
14265
95383
3632
92171
5192
55628
42990
71886
33639
46245
32791
63797
70451
18558
35938
68423
18871
4088
93707
79194
59765
46824
90338
21265
793
85438
89241
22646
1442
12190
16825
68465
34379
60522
92630
88650
4080
55468
51080
42467
96650
41633
59872
49807
81325
60526
42247
26035
84319
15803
54779
16044
5778
97610
87064
35808
60479
84027
68202
13168
1436
22628
20380
59916
55581
38667
91702
89618
86930
50795
11003
41037
55247
12894
44650
59579
86688
36339
18818
8683
80637
14348
84668
46331
83831
64543
99929
94487
54224
16674
51198
35357
5950
37092
43303
37188
71993
92909
30457
89313
51558
33189
50401
44666
19808
34158
62008
93122
11283
81720
38524
12424
68279
39020
33975
1822
19148
92956
80641
19131
47748
37883
71705
31706
93853
51174
40818
53523
52505
54090
66314
41322
57931
64486
19115
43794
15438
67343
71098
87953
77173
20386
70110
33732
68554
798
24975
63461
94642
72094
74586
59882
9352
42536
39730
54275
3662
4394
12445
32487
86552
99477
46663
94333
46083
79841
64360
24325
19637
75448
79090
77276
46573
18454
89484
86453
27879
69161
42681
36045
33408
40721
94868
57818
70156
87872
53916
23495
46127
69551
37653
81121
52161
33014
93254
62540
41443
80309
42667
5554
96145
4273
93565
14895
99134
71497
57668
93470
22937
78701
12928
47782
3506
33474
40080
63593
392
31218
82238
76856
63829
9037
58268
29796
93322
84491
11676
19200
74791
67900
56251
96963
57887
51584
29829
60138
73415
98744
21705
58218
40564
39681
71359
54328
98220
74611
77755
11408
36665
47817
74428
37986
89544
85078
56286
39109
25149
11525
78930
40636
41453
178
16712
4616
61468
74310
90907
59466
99274
18269
80770
5023
94535
10854
21854
26745
22350
45906
16602
70517
37630
38569
94783
69726
76584
60577
96998
20296
1940
73890
30874
67397
44038
32268
5180
54856
77500
1392
47370
34843
90352
58791
46840
82011
36724
49371
83050
70959
15552
26219
19539
65463
64324
66431
13406
98300
2868
33246
59229
57288
98100
3670
54426
96901
11023
53758
84877
96630
9515
52150
21081
44725
22729
71884
91127
67940
22639
31028
41781
92857
96396
41123
42649
63179
74273
38955
4908
78214
50391
10383
76572
78071
28305
58524
79842
5837
77292
41848
16821
93516
59435
92189
96299
59337
68834
8036
72471
76926
19136
23709
76539
49634
75330
53109
95954
64798
95982
91996
41002
78013
79951
90315
99981
19873
76184
29364
17357
32115
46263
77321
31468
48865
73316
20430
79972
57498
93044
99198
88130
72572
75984
91302
88113
14856
35806
37514
86059
63262
66021
3924
89297
3233
67320
2422
12808
55723
22317
41508
38826
75145
59417
58943
90516
93302
83362
27767
60156
9124
26797
64116
9358
93461
76185
9412
24931
46872
38563
67112
96867
54095
34685
78832
4800
95633
52832
71697
44385
23724
92105
41514
30805
12305
38619
84858
75734
17821
93377
28566
46113
16449
16504
37394
49787
96522
49849
33453
65196
45754
8195
4338
50462
53755
72046
13734
43090
29367
21005
54377
15813
76230
57780
22904
69442
17963
61328
33526
84794
54799
59585
78474
2153
87957
4910
49934
90193
52260
59652
6891
8158
83657
32728
684
2192
66703
32407
16606
42914
41277
9602
46757
93242
15134
82916
92558
16979
26831
79075
37706
92967
43588
84974
26705
58114
45186
73569
41654
55951
28419
90344
16484
92483
42895
56278
93153
53641
63003
7185
9617
87720
24688
85759
15316
59467
47713
82317
44181
53230
69693
8017
46930
92024
6722
59916
98817
10310
76679
16227
36152
25345
59413
20053
55529
48762
72064
51441
11757
97339
33591
82791
83281
94965
57900
78361
88141
45795
83173
75129
11738
85238
40141
93088
12943
29783
686
93459
70489
63143
68955
70186
97147
40777
34347
78446
71437
58520
64729
49504
66951
99546
80271
8304
69338
18013
8702
36425
73199
73824
88921
28707
75366
22811
31819
87752
45193
38657
20580
70702
83903
56216
9053
45646
19587
18537
59160
24927
41219
3710
30385
68714
17663
81292
75810
75390
78875
88968
77063
99634
92478
30307
59084
67000
16200
70194
46601
5580
81890
7268
85943
70318
60870
90498
99143
29580
14097
64125
39407
78857
33904
61987
79231
34724
34363
71031
57100
68304
81733
41451
1741
66198
21722
2648
98374
86058
98216
86400
42119
78565
36963
72302
85733
2842
68569
51044
65241
48669
64838
88433
97972
76440
44891
75528
35862
35151
90916
41815
37689
16839
9578
82680
44360
78240
76897
18266
81571
8522
96328
99844
12161
28752
30707
14671
8726
60160
9932
10509
26179
13071
32147
56065
25782
94901
52544
319
76300
64913
75279
68423
87339
56113
65397
74575
14069
71988
34929
39418
33237
77331
5269
97679
73807
68460
44494
8695
83268
1013
932
31745
60021
1735
1537
92906
90154
30686
54092
87223
48921
35633
15378
6404
52233
97161
65749
1419
62934
63416
52063
96485
6303
98278
88165
56641
54045
53993
98753
46847
53861
52445
84299
8559
95280
49950
15461
7374
56451
56835
26072
15015
47379
52399
66344
43723
30050
39539
58617
35173
20667
42652
83261
80943
19273
41058
74464
64583
1224
60010
53043
61618
68746
22539
83584
51851
41129
54537
94330
86879
24050
8319
54726
52152
85896
21454
9560
69208
10977
69929
23020
91328
82856
77491
39545
35959
85212
45410
74938
88831
33604
88193
39353
32534
92183
89969
53277
53918
80644
2562
83195
94396
11867
98655
54516
62816
93233
76987
38255
70443
85206
81111
74500
86242
16517
53530
34912
46136
21576
97577
28946
93043
80655
59821
21815
5198
50920
41374
99235
58736
1041
31637
85738
36098
29983
21063
90719
98607
1504
99230
56878
35052
13418
34672
49938
2901
27087
60680
32326
45567
20249
64534
84674
76053
3885
76375
71268
16493
88941
70131
20828
60818
33965
93868
25863
52015
76644
13753
59837
8781
12552
23716
81830
21270
26852
65994
91966
32489
50120
19116
10199
61173
49778
79443
99998
78963
55768
39291
56628
95420
75539
29637
14412
15229
79616
50922
41982
37881
5758
79297
4264
79253
74928
96568
13184
31296
97075
7038
13490
56988
82106
99509
21780
33252
90895
66049
88868
1774
12169
33766
3172
3783
45315
39278
37067
40047
80443
58893
34737
56414
66451
43708
30233
70279
5216
56152
92590
42091
70725
7773
52865
7089
96510
92059
22404
62998
84259
48818
85523
83983
60342
35226
39298
16147
50096
12169
8538
20638
4828
60318
96416
67918
72971
73210
87289
51082
27715
84175
78942
3726
86258
44660
29704
76859
79608
19687
23380
77814
41531
99578
7584
70561
49535
15463
35034
34392
57930
44462
18256
93811
58408
8366
49801
36989
5986
3334
19162
40335
92171
2117
69273
44139
37557
28731
13337
30681
67328
86953
44133
876
42756
32540
6199
63866
45556
40287
73185
8048
56851
49077
13154
54211
3829
69047
73002
42343
29039
78790
19104
69085
99887
62722
40766
98668
57897
49354
43249
89368
22751
3313
95269
79813
79062
37469
25345
23590
27905
7967
88622
3768
3536
89595
53473
74065
39189
50577
25882
1745
24266
14719
66149
39933
38390
42644
27676
5579
46328
64596
726
86441
54513
92001
60649
89314
9130
78468
17206
63480
13598
49214
93148
46356
95666
79198
61011
70700
71753
56985
61566
28847
66967
77044
94164
81003
91146
37918
63710
96958
30124
87910
46771
69147
13483
61142
75011
86092
99793
71422
35010
15306
95900
49176
19698
34424
16136
63841
38185
15694
84341
73330
27952
86466
48167
93744
29822
45329
54259
4611
90207
49810
12414
35532
90911
24843
58438
13719
7454
49454
7800
66285
81660
9229
35834
5066
87713
12762
43291
92814
15996
88808
29901
7947
11840
56805
52455
52127
21038
89780
52373
59636
29916
9323
12509
892
79890
83396
66834
88902
84454
90513
6807
53357
20154
57847
8277
4480
4939
55537
12887
11999
12245
50493
30451
89803
8333
7447
81145
29131
12899
75727
69871
17063
23890
31272
26459
39291
53853
6193
80805
60031
9881
97127
12034
10108
52688
33889
26008
25727
51234
19049
67731
1378
24415
54181
3725
81982
95751
47985
30610
13484
75324
72269
68973
41034
22972
2939
30276
88442
71615
89353
44348
7546
35686
73705
99884
21673
49151
34923
13063
33676
76598
14491
40165
7521
9784
44945
39820
71724
82075
30699
38784
88006
91979
405
84031
94684
98921
90028
78189
32102
35404
74946
15047
77144
54120
42486
87961
86513
41506
1806
16548
69736
93628
91336
58812
16048
40827
89426
94978
93152
90246
67281
78258
42730
43162
4671
80434
5471
13849
90432
74594
71542
51808
99412
25785
22430
52064
27821
48506
58619
39737
247
63190
38652
53891
25354
23773
31508
56730
73329
61239
62631
84165
46522
70522
96379
7869
44542
86924
53944
88572
72035
12081
93687
49504
91917
1888
3382
72975
74210
56953
7685
80091
39485
18002
29779
73881
57943
66755
84764
99186
96949
85011
67026
95698
95824
61164
76451
14982
23010
34658
50067
59762
57743
60957
24870
7497
33761
16031
25558
27793
61014
39987
4906
40513
18863
32446
35605
24542
19914
33681
14961
30953
9725
8110
1533
66974
29874
26101
83675
72074
8765
23415
37221
12226
14680
85698
60277
8568
95044
60814
51812
53108
97563
88591
14853
10043
45000
95645
11384
41714
96600
37422
14560
27454
504
73695
87335
89239
13436
43260
22488
76425
17110
5760
1796
66259
83215
13871
7940
94372
24217
50615
57590
22377
98802
98320
11609
266
42901
73192
17030
53060
60650
98812
27203
96618
45394
57883
90745
38091
24275
82974
65320
75352
37600
95730
83892
97194
84872
37311
83552
46914
83990
4558
3142
52369
49018
55555
8728
74296
12654
52963
81562
9682
9144
55293
41387
45748
3589
97862
5636
14276
85710
92716
43624
69528
79287
73772
8776
12953
33207
98526
1296
10036
59526
87596
65467
99966
83898
4175
33632
53112
91035
72006
62537
3114
55344
9574
26251
90777
67990
93270
986
84102
91295
35395
75590
14116
56421
44832
7942
63355
91728
93325
82755
92700
45150
38659
48475
94705
45706
85768
14041
41526
22694
99565
34642
67639
19834
28181
56744
13842
6293
3621
70674
5502
36737
77938
61053
69285
64162
67751
4431
87927
18731
52443
8931
13285
26840
58957
56003
27403
72012
27783
70876
26144
6414
15473
64440
25468
20936
63408
73701
19
31152
83868
57533
5497
23194
43068
42140
3255
69926
26080
62945
70531
67228
60415
93292
42310
37434
7546
84283
24960
1057
55573
8868
27403
7831
29445
79713
65560
34918
63554
98362
9894
95547
49550
67687
75733
90018
1521
41571
81634
61879
11121
78079
87889
42294
41504
68631
75255
71759
19344
62154
89291
55056
93324
59563
82326
20314
98828
11629
84522
16844
70240
16071
2841
75962
13959
51471
19712
96701
18576
28927
45942
1510
81125
54997
87571
84602
23260
71165
31179
23432
58975
33455
8435
2260
77712
45302
81527
19243
85603
69701
74178
68130
6636
81646
86066
19525
23834
94914
57388
58937
19732
25906
88302
585
70970
13076
72446
89253
31442
34109
78018
10501
87701
41047
66383
27307
29463
2595
59002
41649
17623
9077
11436
76256
61417
31851
79076
78086
92718
37366
49060
33346
47357
56555
72119
81083
38569
97943
16251
75921
24887
34074
62605
5275
3482
90676
43100
44837
39701
24610
76849
39914
26427
75877
53208
2525
2856
72458
59005
81209
81060
30760
65527
71327
55868
37687
8907
31473
84553
41375
63931
78179
65248
24379
63793
17894
7418
65208
31689
30260
17637
78309
22017
55229
68887
92037
66363
21902
67311
27128
30720
5101
7144
81181
55847
20190
75307
40878
88260
80020
13547
40773
4197
97040
1139
74289
27622
66573
42755
34657
64396
83393
67273
71385
25375
75600
38592
14100
18295
46844
88896
86452
55597
30067
51525
81895
75681
23513
35152
26793
71260
62532
88690
65895
32349
33768
1128
46661
93656
89600
99718
25811
68410
26228
19107
92527
18377
28786
75674
73058
52861
27776
88681
52869
51802
65587
82368
98128
73739
21266
18435
35340
26543
46222
35311
71946
45146
22849
51534
61403
4762
68417
10709
1992
97190
24872
16445
88036
64503
98934
18730
94136
6108
11599
81340
38332
54583
64038
75362
51065
79863
84924
59318
31543
17911
14020
88945
95917
51367
25619
4615
24086
72725
54683
4227
51032
17469
87631
28457
91420
98507
52994
39003
79611
8845
40950
31859
60309
97764
8906
67882
97669
97470
83320
32349
22945
39401
97339
44817
3915
28597
15450
4989
2026
63359
37981
37395
5843
86855
8489
49999
40917
89490
40164
36367
48522
36083
9198
97817
38368
80818
54702
73069
43919
60203
70904
92822
40076
33974
6025
5307
76125
24519
14752
62850
65437
57681
3690
36088
8478
27420
43321
59388
98119
28541
41841
68810
71346
64494
21554
8680
79872
85127
86749
35449
23375
66238
39012
36012
73112
8513
41890
79071
63154
52512
43132
36554
16597
91470
20822
14038
28295
1846
60348
63559
46654
3625
44614
72881
63751
55336
61309
8851
81179
65188
98994
62935
6121
31048
35051
85126
72190
36521
78727
51145
73282
25165
7028
69478
94416
51182
63520
85150
17412
77156
11802
49721
29615
45940
72264
62989
15400
64905
3145
18250
83063
49574
74034
74147
87705
47370
98723
20892
44733
6013
31395
47625
13558
19954
65438
382
77465
54216
5887
331
61277
44210
56263
27982
97326
15173
78542
38694
87353
27981
29413
84844
12491
93270
20460
50383
77582
32612
50972
94551
66823
48138
85089
64417
46797
55777
52552
99590
24309
5461
79917
130
64308
99905
10797
19622
13702
69308
25895
86602
24301
18894
98404
50176
52018
93397
93151
8296
62069
51563
88786
19813
70604
7540
98882
94271
6681
55519
34781
66822
25204
80774
60347
6568
33482
40048
50581
29261
11541
55955
86168
22435
1634
8991
21828
33357
27981
75039
64701
54919
97142
19240
69893
603
91200
94397
80496
15388
15828
27900
75158
23118
76820
39926
7909
98048
40086
5396
14707
63418
5082
88065
43308
8526
92044
78085
93865
99319
22031
63913
72301
21868
67566
36513
17496
55980
99180
16293
88354
94966
50499
37732
44682
95571
65661
67833
57196
37824
60179
61990
49819
76874
87811
77140
32987
68145
35964
21985
14838
50918
31714
40051
2761
59074
87888
49195
12348
21590
79610
25402
24436
57057
8890
69150
51750
62219
34996
9862
47016
81247
75970
5102
93631
92140
59286
59697
32794
34004
20445
71514
47471
90338
59617
35318
51955
65988
45144
12035
58420
58135
97136
65121
44110
72934
31007
75895
27296
82880
26920
25862
54290
9067
52691
83587
78764
86078
4486
44445
8513
79965
36397
69285
38984
39276
47990
86542
86135
46998
38387
39623
50153
59399
2382
58928
4354
46719
25557
18614
96485
83861
87777
80728
27424
41858
6782
78346
15249
24523
83681
27148
57500
62131
65313
54593
18391
6631
64882
42462
94657
54053
65973
71156
13950
78698
93296
56838
71174
59581
97433
4254
39952
42024
61864
15765
71703
36425
6740
61572
23223
13652
39076
32447
63350
66643
88879
96057
18472
9702
14298
5335
39728
79188
67082
84098
79149
61603
87203
20428
63454
18543
19622
71051
43973
64610
19490
54763
55949
10858
32098
26614
31479
8295
14792
93426
99151
58117
40652
38075
12812
45420
75306
62465
14890
14429
81412
1386
39004
62242
86988
72254
61455
54360
89379
39329
68765
21401
50995
86135
26881
92396
27967
91336
36921
61
16567
75437
95014
70767
93373
20084
79117
89330
53719
1517
67835
59416
74392
12636
42316
98827
87652
55183
81933
73413
19696
77302
77478
65333
6959
4838
2255
22823
82951
75334
32680
11471
59394
5496
26396
9996
26826
16346
38502
43144
93782
33973
13707
97268
51401
18448
82057
1833
17210
27533
3768
14686
82580
89342
29497
61494
912
41766
61735
62233
44604
35327
66713
18100
9898
90501
76185
32054
8089
57045
48926
59144
15123
66907
38443
79834
8509
57940
32033
94872
59468
29832
46190
89005
51044
96862
53033
63105
34792
99265
72718
96007
1918
75213
14020
91993
64495
35082
50784
73280
76233
3840
26591
51811
5400
76858
55950
42263
15853
52736
57336
90323
89119
20108
14025
62692
2684
82647
87308
98410
6285
48063
22078
98660
55447
1662
98384
52704
80956
35628
53627
66434
40835
56996
28989
38228
32403
10691
4154
63320
30778
33554
44352
19507
17475
27545
82375
23159
89696
39030
16285
23297
37284
24313
28502
67813
57568
28207
41111
12289
38421
54405
58479
67194
46734
28668
1673
7446
85383
12410
3073
79966
9822
59503
97002
56558
39120
13617
55719
51933
75482
77896
70919
16135
36658
89757
10337
23367
91833
61512
867
2870
38718
27518
67627
5461
8274
20926
8739
2971
31053
50495
41231
54838
36472
84796
23055
57886
29139
5131
33457
46183
91746
25928
16190
82399
83014
10613
87839
71413
35839
30093
42404
81430
15416
93556
30076
60853
36558
58432
34395
59134
82888
34697
34078
23895
59694
88461
66070
29434
6967
865
97886
81005
79045
59532
504
85360
32388
51143
23996
40236
46105
11116
75771
20898
41449
5224
90077
23896
12759
7283
43502
41893
65785
29594
53448
3268
90268
95208
31325
504
38137
4186
6109
27313
92230
96763
35074
66184
24118
97979
23108
35918
68191
15521
87094
7828
82384
56795
84708
33047
20979
94253
39355
11959
30894
83443
88368
78392
24795
64884
65327
68154
73965
29543
64489
36226
70075
86044
3810
28839
78110
20779
22754
44682
16831
53785
79031
25843
16133
37655
55084
8757
26068
54091
95471
32403
78628
61778
57943
1343
64307
86727
45224
7459
40586
24079
64328
97420
50960
10879
18086
57512
72109
27719
65693
2982
82173
6573
148
41752
17947
65529
51060
63688
61761
96867
41983
8446
55570
76709
7967
94903
25565
56480
4424
43503
15168
44767
43717
3541
63600
42584
93431
86488
20142
40472
16071
72383
37559
70377
19346
85350
66550
31012
44901
74164
30569
70831
27101
92214
87251
80176
31452
59109
19796
84685
30306
81349
70460
66630
76373
82287
5964
91903
74391
82790
89970
47038
10209
59994
52841
49670
63733
20843
91074
86841
67584
29983
2651
89525
1068
90868
32169
9439
88827
10339
20688
17991
76353
91727
59218
32820
25383
91394
20036
2693
71569
65305
62172
79801
75334
81235
64295
77242
43930
61506
36414
26054
20829
75820
39946
44796
37763
1349
38332
86685
85029
59149
75577
72013
34999
91911
80067
89752
44071
52253
48226
43199
27123
55710
98911
85184
68379
97017
26097
18806
71029
63004
30746
58671
82454
19880
28698
21840
64880
11338
84206
12713
37136
29461
80003
64856
94365
76906
63525
23205
48412
16116
43169
55434
39196
84121
95995
24912
89218
64588
55840
50372
19288
55673
17525
64089
13245
2249
38769
57538
21961
60679
12852
93896
70600
22993
61051
55376
68227
43169
72064
7404
9893
32968
73694
70016
81738
58596
12157
24238
49130
24342
92636
94911
84941
88250
71481
90307
8846
40703
95625
85270
676
91178
16411
56782
62195
68425
39438
14499
49327
30587
99632
21324
74664
52246
6046
32833
51533
28682
47709
87833
66091
42959
73653
66912
63709
93159
7356
52986
57951
70441
23093
70562
12511
16817
16909
6643
30985
51363
83169
85151
7417
65170
36725
4011
59261
6462
46113
4403
3010
24031
58643
68002
48778
273
40360
63603
67758
74495
81805
45101
6522
13972
34289
33390
91160
91297
21990
52038
92428
11975
56751
66360
80264
55255
966
89312
53594
12711
57200
36530
64605
58412
41087
57291
44207
41600
58041
267
35115
66274
18001
54830
49374
16244
45067
67478
37861
69984
44122
22492
30241
37187
12092
68919
80113
81736
22192
8131
12110
5906
97234
50336
47696
59293
13227
8802
97258
404
8513
82555
17268
45825
97393
68679
63995
69911
21514
61805
90703
82283
54123
67167
98922
65716
32744
45473
81545
20068
9489
57245
93734
82850
1527
94054
71466
57565
13771
46880
67742
4336
80663
75369
49047
85332
20850
87078
68162
412
54003
19719
83099
48676
64710
23340
33529
49586
89627
33367
31682
41087
98310
31439
58660
18679
82324
6178
96106
85528
45492
36586
76890
16843
87236
25115
62914
53928
90376
63691
8145
4634
73304
88095
67235
39447
9217
43637
24982
12057
46767
74374
4718
59891
16775
70754
38308
49822
31163
67144
79147
45793
55309
50398
52829
64978
33616
43081
9936
72514
5323
26821
43815
96915
64945
67277
96651
69663
27438
72961
8130
37269
85213
16079
30716
59029
71953
70242
82510
63674
98822
68921
79228
1718
72074
58567
40691
11044
78783
4726
96144
48760
42118
96596
76964
22340
41116
51337
33024
49012
32487
30646
73064
62574
89300
33048
67459
96302
88321
77444
37085
74798
74719
36309
3597
12255
29897
15241
76250
79576
9354
89509
4634
99044
10243
3637
42234
63827
77744
98147
37647
6623
195
85139
21212
83570
55713
20994
44922
46493
64657
77140
55933
55270
5332
17795
14333
157
83647
58904
99235
57970
44225
93862
66113
10800
97746
21444
23544
26153
31895
95850
26168
15894
42635
62681
93757
95274
80567
88895
99942
8356
99250
53923
34032
83259
16732
34648
33866
74008
7707
93959
57790
52310
69509
48289
66282
50190
25714
86678
95329
43269
72104
67615
37118
87671
4439
6877
65205
52615
42740
22955
60960
42889
22487
77815
4468
31308
78369
17390
60906
48273
17125
31113
46414
98248
46800
9627
22680
66722
91377
87594
41328
36878
27489
40267
26692
33465
98543
69519
72480
91134
20431
69842
206
93254
95558
14133
29413
53993
53800
69569
91493
75389
76647
34732
63419
31149
28490
64259
1540
37600
17425
16079
39156
15482
58431
48939
4999
14336
35530
25230
50474
48804
29546
41774
87820
49324
38962
61944
86792
55502
19212
15423
36156
93231
13411
46635
64071
13867
91757
77256
16906
86888
55573
57592
53612
25521
72439
96205
49856
42804
83732
43578
32861
99776
23239
23006
5024
82408
81989
28379
59037
39427
61277
30316
89676
83920
48874
86800
72331
55328
26661
97192
55257
87857
6737
99232
35221
68495
63001
62425
38638
39437
63354
30242
89190
42112
24923
75646
77099
52637
42298
94388
11029
65238
15086
44575
27819
26565
8802
11625
11637
11612
4661
50839
40897
28538
76514
81801
81772
65746
19277
99361
29876
5145
53945
14089
46919
16345
87565
59706
30637
92443
21591
48578
26869
35595
67949
75314
73602
42288
86107
77495
54077
51194
25005
25982
16452
92838
32807
40387
88273
52423
75431
17891
31819
10986
75970
65195
25545
22695
68841
12580
42078
13940
3069
22579
13471
16938
61440
97356
17528
54382
9958
63967
32533
87115
35508
34170
76258
52276
34695
61504
63644
74641
4445
61727
34331
27407
78550
6072
19059
78517
39260
11630
62854
4177
90423
71655
49852
15225
35772
75586
46711
2697
20123
77553
5460
25832
16281
99740
35641
90703
26089
7773
58588
31432
38964
33598
13849
87480
65345
85097
42798
89059
3228
4333
80806
42219
89962
56765
30831
14480
44527
16599
976
87275
54713
35651
52577
57020
3196
6077
83416
34329
61903
33194
39116
27592
79878
16793
95510
26217
37832
23981
75877
28161
6784
85304
891
6623
67404
11874
57300
48562
1127
50441
12943
21632
67546
65281
23643
59753
47622
31701
89208
51473
48238
46938
75154
64511
33794
56522
53388
20153
31580
11548
80793
30779
30136
69796
81027
248
85378
17341
8009
97060
54298
51682
76157
69656
28432
28332
29990
36980
63879
52597
52126
80358
83910
3511
44819
61679
70562
91124
70092
5547
45255
79548
82071
93310
85451
16122
26992
92565
86939
98390
16306
57139
15256
72072
36649
43509
10310
48268
43524
61449
87598
66671
60364
86010
14110
6012
29486
61657
27298
23218
13630
50618
83587
22989
32467
8319
15928
14473
24511
94209
73241
99450
12475
29442
2536
25142
65246
43049
23981
91214
43000
5472
45258
46691
37507
95166
18484
20492
6084
92613
60134
28074
23249
41536
44145
48663
84448
69816
89514
35342
70656
54367
35827
48595
85262
76200
89555
55253
78544
39221
39962
13242
31118
48742
96429
35468
97009
51115
74341
20414
84462
73001
62918
68356
83292
30698
37718
63396
84791
32423
4030
21622
21248
16814
8054
97500
44186
79774
55733
33053
32693
32560
14198
88384
68968
78047
1356
15997
80868
39243
44585
48654
13730
64728
61366
70464
44942
73962
90314
15434
23488
96603
95898
39462
8607
48177
23135
47606
72826
49954
94120
60049
22521
77302
89024
23766
11535
10803
28115
52266
21869
68224
67543
92703
3869
88966
65852
88384
21333
58417
36583
31799
47721
84933
45442
93022
10528
29490
98881
88741
83018
41479
39296
20619
39730
82232
93868
92360
81203
54262
40499
74867
83742
47456
36913
27030
62120
96431
78342
96330
22139
11013
91253
35074
22759
86339
39730
31872
71776
75367
11011
43203
48144
21027
53573
66230
49074
43520
56981
94938
31098
76817
68807
71358
67533
25514
89605
32077
90313
12732
71918
8399
23675
70979
80557
42820
60414
22881
76238
88002
68799
432
95835
66123
69414
33966
99822
92801
98101
92255
37832
43609
42251
78781
68957
92485
70132
42003
75791
26326
48874
42683
46109
12039
57246
36204
84696
14025
17378
66069
25897
89735
9105
15400
81508
53576
12533
94519
62113
90424
36655
49547
89594
83616
38676
94202
94741
39605
54705
33743
82092
69653
93875
13977
18709
90648
27867
50989
87025
30599
23119
76666
41576
90585
93769
56528
40479
14985
71884
6187
21933
44588
707
77580
8231
31520
1088
86993
14308
26205
33004
76733
46839
81180
74529
2891
9877
92705
91938
29291
1684
64732
65495
87381
