19
28
33
61
62
83
97
130
148
157
178
195
206
206
220
247
248
266
267
267
272
273
274
281
291
307
315
319
319
331
333
344
351
352
366
380
382
385
389
392
399
404
404
404
405
412
422
432
441
454
462
476
504
504
504
540
542
559
585
598
603
624
627
646
659
666
668
676
684
686
686
702
707
726
734
745
755
761
784
788
790
793
798
803
808
815
862
865
866
867
876
891
892
912
912
926
930
931
932
935
948
966
976
978
981
986
992
999
1013
1040
1041
1045
1054
1057
1068
1083
1088
1094
1122
1127
1128
1139
1179
1193
1224
1246
1247
1253
1265
1275
1284
1290
1296
1321
1325
1340
1343
1349
1356
1364
1370
1373
1373
1376
1378
1379
1386
1392
1407
1414
1419
1436
1442
1485
1504
1510
1517
1521
1527
1533
1535
1537
1540
1555
1586
1588
1605
1629
1634
1651
1662
1673
1673
1684
1718
1722
1726
1735
1737
1741
1745
1774
1776
1789
1794
1796
1806
1817
1822
1829
1833
1846
1872
1874
1878
1888
1893
1894
1900
1916
1918
1925
1926
1934
1940
1961
1977
1979
1979
1992
1994
2026
2031
2036
2043
2045
2057
2063
2069
2082
2083
2095
2112
2116
2117
2153
2192
2207
2213
2231
2236
2249
2255
2259
2260
2268
2281
2330
2332
2365
2365
2379
2382
2388
2396
2407
2422
2427
2432
2460
2479
2499
2522
2525
2536
2542
2562
2587
2595
2615
2644
2648
2651
2651
2660
2666
2684
2693
2697
2698
2714
2761
2790
2815
2841
2842
2849
2851
2856
2868
2870
2879
2889
2889
2891
2892
2898
2901
2913
2920
2926
2939
2944
2968
2970
2971
2982
2993
3003
3010
3011
3018
3021
3031
3035
3047
3055
3069
3073
3074
3084
3092
3114
3118
3142
3142
3145
3172
3196
3197
3202
3228
3233
3241
3255
3268
3304
3312
3313
3313
3324
3334
3339
3368
3382
3394
3482
3498
3506
3506
3507
3511
3536
3537
3538
3541
3543
3546
3555
3569
3572
3589
3590
3594
3597
3621
3622
3625
3632
3637
3658
3662
3670
3671
3690
3704
3710
3711
3713
3725
3726
3734
3747
3768
3768
3777
3783
3791
3810
3829
3833
3840
3841
3861
3869
3885
3901
3901
3915
3915
3919
3919
3924
3934
3950
3969
3972
3991
4003
4006
4011
4011
4030
4033
4041
4068
4075
4080
4088
4097
4098
4099
4154
4175
4177
4186
4197
4204
4227
4228
4228
4234
4243
4254
4257
4264
4267
4273
4299
4333
4336
4338
4354
4354
4363
4368
4381
4394
4397
4400
4403
4416
4424
4429
4431
4438
4439
4445
4446
4468
4469
4475
4476
4476
4480
4483
4486
4490
4492
4495
4515
4545
4558
4571
4609
4611
4615
4616
4634
4634
4661
4671
4683
4708
4716
4718
4722
4726
4726
4737
4747
4759
4761
4762
4779
4795
4799
4800
4806
4820
4827
4828
4830
4836
4838
4845
4861
4880
4886
4906
4908
4910
4927
4937
4939
4989
4999
4999
4999
5002
5023
5024
5033
5044
5066
5082
5092
5101
5102
5127
5131
5133
5145
5152
5180
5180
5184
5192
5198
5214
5216
5224
5228
5233
5250
5256
5263
5266
5266
5269
5275
5293
5307
5318
5323
5327
5328
5332
5335
5396
5400
5427
5437
5437
5460
5461
5461
5462
5471
5472
5483
5490
5496
5497
5502
5504
5510
5547
5554
5559
5567
5579
5580
5595
5605
5614
5619
5621
5635
5636
5636
5661
5676
5679
5699
5701
5713
5758
5760
5778
5818
5821
5821
5824
5837
5843
5879
5883
5887
5903
5906
5909
5915
5917
5950
5964
5965
5986
6002
6010
6012
6013
6024
6025
6030
6046
6060
6072
6077
6084
6098
6102
6108
6109
6121
6132
6144
6170
6178
6179
6183
6187
6193
6194
6199
6199
6218
6230
6285
6293
6303
6382
6388
6404
6414
6418
6419
6421
6423
6445
6457
6462
6467
6500
6503
6505
6507
6522
6543
6548
6554
6562
6563
6568
6573
6573
6582
6618
6623
6623
6624
6631
6631
6636
6643
6660
6660
6681
6683
6684
6712
6722
6736
6737
6740
6782
6784
6785
6803
6807
6815
6825
6839
6840
6851
6855
6877
6891
6914
6955
6958
6959
6960
6967
6976
7002
7028
7030
7038
7040
7053
7056
7080
7086
7089
7102
7125
7144
7184
7185
7190
7255
7263
7268
7271
7271
7273
7275
7280
7283
7326
7343
7355
7356
7374
7395
7404
7408
7417
7417
7417
7418
7446
7447
7452
7453
7454
7459
7468
7477
7490
7497
7499
7503
7511
7519
7520
7521
7522
7539
7540
7543
7546
7546
7565
7567
7584
7604
7632
7639
7642
7685
7691
7699
7707
7754
7763
7773
7773
7800
7807
7819
7828
7828
7831
7841
7847
7857
7869
7902
7909
7930
7934
7940
7942
7947
7967
7967
7968
7969
8002
8009
8017
8022
8036
8046
8048
8053
8054
8089
8103
8109
8110
8130
8131
8135
8145
8154
8158
8162
8189
8191
8195
8208
8214
8216
8231
8237
8251
8255
8261
8272
8274
8277
8294
8295
8296
8302
8304
8310
8312
8319
8319
8333
8338
8344
8346
8353
8356
8366
8399
8432
8435
8446
8447
8457
8466
8478
8487
8489
8509
8513
8513
8513
8522
8526
8536
8538
8559
8568
8585
8602
8603
8607
8616
8647
8648
8676
8678
8680
8683
8695
8695
8699
8702
8726
8728
8739
8748
8757
8765
8776
8781
8787
8802
8802
8809
8814
8823
8845
8846
8851
8851
8854
8865
8868
8890
8896
8899
8906
8907
8931
8959
8982
8991
8994
9016
9019
9020
9037
9053
9060
9060
9067
9067
9069
9073
9077
9077
9083
9093
9098
9105
9124
9130
9144
9158
9165
9176
9198
9214
9215
9217
9229
9237
9250
9258
9289
9293
9321
9322
9323
9334
9340
9346
9350
9352
9354
9358
9358
9374
9386
9388
9412
9415
9439
9459
9466
9489
9494
9512
9515
9532
9560
9574
9578
9578
9587
9589
9590
9602
9617
9620
9620
9627
9634
9641
9641
9644
9654
9676
9682
9702
9713
9725
9740
9745
9767
9781
9783
9784
9786
9795
9805
9817
9822
9835
9846
9848
9855
9862
9877
9881
9893
9894
9898
9904
9909
9914
9920
9932
9936
9958
9959
9976
9996
10001
10024
10030
10036
10042
10043
10046
10056
10094
10103
10108
10130
10132
10143
10143
10144
10181
10185
10188
10199
10209
10243
10250
10260
10263
10284
10289
10300
10302
10310
10310
10337
10339
10364
10383
10383
10387
10404
10501
10504
10509
10528
10536
10545
10566
10606
10613
10636
10657
10673
10681
10686
10691
10709
10743
10756
10787
10797
10800
10803
10821
10854
10858
10879
10882
10882
10921
10923
10973
10977
10983
10986
10994
11003
11011
11013
11023
11029
11044
11046
11058
11066
11067
11116
11121
11141
11149
11167
11174
11199
11201
11232
11237
11252
11256
11281
11283
11286
11307
11309
11310
11336
11338
11371
11371
11375
11378
11380
11382
11384
11395
11397
11408
11413
11428
11436
11447
11462
11465
11471
11501
11509
11510
11518
11525
11526
11535
11541
11548
11548
11560
11571
11573
11576
11578
11584
11596
11599
11609
11612
11624
11624
11625
11629
11630
11632
11637
11659
11676
11709
11714
11738
11744
11757
11765
11798
11802
11822
11840
11840
11867
11872
11874
11877
11892
11905
11913
11916
11919
11927
11950
11958
11959
11966
11973
11975
11976
11999
12029
12034
12035
12039
12054
12055
12056
12057
12062
12065
12069
12081
12092
12110
12114
12157
12161
12169
12169
12188
12190
12195
12209
12226
12228
12245
12246
12255
12289
12305
12327
12338
12348
12350
12352
12359
12410
12414
12424
12427
12445
12459
12475
12483
12491
12509
12511
12529
12533
12535
12538
12552
12553
12554
12580
12619
12636
12654
12687
12688
12691
12711
12713
12721
12730
12732
12743
12759
12762
12768
12781
12803
12808
12810
12812
12820
12825
12834
12852
12865
12876
12887
12889
12894
12899
12907
12908
12915
12915
12919
12919
12928
12943
12943
12953
12959
12991
13000
13039
13052
13060
13060
13063
13070
13071
13071
13075
13076
13077
13115
13116
13154
13168
13179
13180
13184
13189
13194
13198
13227
13242
13245
13285
13312
13315
13334
13337
13354
13368
13371
13374
13375
13377
13400
13406
13411
13411
13418
13420
13425
13429
13436
13461
13469
13471
13471
13478
13478
13483
13484
13488
13490
13493
13496
13498
13509
13509
13513
13532
13547
13547
13558
13569
13575
13598
13617
13630
13632
13649
13652
13652
13652
13664
13702
13707
13712
13716
13719
13730
13734
13749
13753
13756
13758
13771
13796
13807
13833
13842
13843
13844
13844
13849
13849
13862
13865
13867
13871
13872
13891
13940
13942
13943
13950
13959
13963
13972
13977
14020
14020
14025
14025
14027
14038
14041
14052
14053
14057
14067
14069
14089
14097
14100
14108
14109
14110
14116
14133
14184
14198
14198
14243
14255
14265
14276
14294
14298
14308
14308
14326
14333
14333
14333
14336
14338
14342
14348
14350
14390
14412
14424
14429
14473
14473
14480
14483
14491
14499
14512
14515
14536
14536
14546
14551
14560
14562
14600
14626
14626
14633
14656
14664
14671
14678
14680
14686
14689
14707
14710
14717
14719
14720
14752
14752
14777
14792
14829
14837
14838
14853
14856
14890
14895
14910
14951
14961
14982
14985
14992
14994
15001
15011
15015
15031
15047
15051
15075
15079
15085
15086
15088
15089
15093
15123
15134
15154
15168
15173
15189
15212
15215
15225
15229
15241
15244
15249
15256
15267
15291
15299
15306
15316
15338
15378
15388
15400
15400
15405
15405
15411
15416
15423
15434
15438
15450
15451
15458
15459
15461
15463
15469
15473
15482
15502
15504
15518
15521
15537
15543
15552
15560
15575
15602
15643
15668
15680
15683
15694
15698
15709
15709
15724
15728
15731
15765
15783
15797
15803
15807
15813
15826
15828
15832
15836
15843
15853
15868
15894
15915
15928
15931
15936
15996
15997
16027
16031
16033
16034
16044
16045
16048
16071
16071
16079
16079
16116
16122
16124
16133
16135
16135
16136
16147
16153
16154
16162
16165
16190
16200
16227
16227
16233
16233
16244
16248
16251
16266
16279
16280
16281
16285
16293
16306
16340
16345
16346
16372
16394
16411
16430
16445
16446
16449
16452
16455
16484
16491
16493
16504
16517
16525
16548
16560
16561
16567
16592
16597
16599
16602
16606
16609
16620
16633
16640
16655
16674
16675
16682
16682
16712
16716
16732
16753
16767
16767
16770
16772
16773
16775
16778
16781
16793
16802
16814
16817
16821
16825
16831
16833
16834
16839
16843
16844
16845
16858
16879
16882
16883
16903
16906
16909
16938
16961
16979
16999
17019
17030
17059
17060
17063
17104
17110
17125
17130
17130
17136
17167
17187
17205
17206
17210
17211
17212
17236
17241
17250
17263
17268
17271
17280
17287
17291
17296
17305
17341
17357
17367
17378
17390
17392
17412
17425
17458
17467
17469
17469
17475
17478
17478
17481
17483
17493
17496
17502
17525
17528
17540
17545
17573
17621
17623
17623
17624
17637
17639
17659
17663
17724
17735
17735
17738
17741
17742
17744
17754
17759
17764
17778
17789
17795
17799
17821
17834
17836
17844
17845
17868
17891
17894
17911
17931
17947
17963
17989
17991
18001
18001
18002
18013
18054
18068
18086
18097
18100
18122
18142
18148
18151
18157
18165
18179
18223
18242
18250
18256
18266
18269
18282
18295
18299
18352
18372
18376
18377
18384
18389
18391
18404
18435
18448
18454
18458
18463
18468
18471
18472
18477
18484
18484
18496
18507
18518
18528
18534
18537
18541
18543
18552
18556
18558
18576
18599
18614
18627
18635
18637
18643
18652
18674
18678
18679
18695
18709
18730
18731
18783
18785
18788
18806
18818
18822
18829
18835
18839
18844
18850
18863
18871
18894
18928
18999
19015
19034
19049
19050
19052
19059
19067
19068
19068
19095
19104
19107
19109
19115
19116
19131
19136
19136
19148
19162
19191
19200
19206
19210
19212
19212
19240
19243
19251
19273
19277
19288
19297
19300
19302
19303
19320
19342
19344
19346
19357
19366
19366
19376
19404
19412
19413
19432
19444
19447
19469
19473
19483
19488
19490
19507
19525
19526
19539
19545
19581
19587
19591
19594
19602
19622
19622
19624
19637
19663
19682
19687
19696
19698
19699
19700
19710
19712
19719
19723
19731
19732
19770
19779
19781
19784
19796
19802
19808
19813
19834
19835
19867
19873
19880
19904
19914
19915
19935
19938
19939
19954
19997
20000
20023
20036
20037
20040
20043
20051
20053
20068
20074
20084
20096
20099
20106
20108
20123
20128
20132
20142
20148
20153
20154
20159
20166
20190
20196
20203
20208
20229
20238
20247
20249
20249
20252
20278
20296
20300
20314
20378
20380
20384
20386
20402
20407
20412
20414
20420
20428
20430
20431
20445
20447
20457
20460
20460
20475
20492
20496
20516
20529
20580
20605
20619
20622
20629
20638
20667
20688
20688
20690
20744
20767
20768
20779
20786
20811
20821
20822
20828
20829
20835
20843
20846
20850
20859
20866
20892
20898
20926
20931
20936
20938
20979
20982
20985
20994
21005
21027
21038
21063
21069
21081
21109
21138
21141
21144
21148
21183
21192
21192
21204
21212
21214
21234
21248
21264
21264
21265
21266
21270
21298
21305
21324
21326
21333
21361
21365
21376
21401
21442
21444
21446
21453
21454
21460
21485
21487
21501
21514
21524
21550
21552
21554
21576
21590
21591
21607
21622
21632
21664
21665
21665
21673
21682
21695
21705
21705
21708
21716
21722
21735
21740
21749
21780
21815
21823
21826
21828
21839
21840
21854
21864
21865
21866
21868
21869
21879
21890
21893
21901
21902
21911
21916
21918
21919
21933
21937
21961
21974
21985
21990
21994
22001
22003
22017
22031
22050
22057
22063
22066
22069
22078
22091
22092
22139
22141
22157
22172
22188
22192
22193
22214
22224
22241
22261
22289
22317
22320
22331
22333
22340
22342
22350
22363
22377
22399
22404
22427
22430
22435
22462
22487
22488
22489
22492
22504
22504
22514
22521
22539
22563
22575
22577
22578
22579
22588
22600
22628
22638
22638
22639
22646
22670
22680
22686
22690
22693
22694
22695
22729
22751
22754
22759
22764
22778
22802
22808
22811
22823
22841
22849
22859
22868
22881
22886
22892
22904
22909
22925
22937
22945
22955
22956
22972
22989
22993
23006
23008
23010
23020
23039
23049
23050
23055
23072
23093
23101
23108
23112
23118
23119
23131
23135
23141
23159
23164
23166
23167
23177
23194
23205
23214
23217
23218
23223
23227
23239
23249
23260
23295
23297
23309
23309
23316
23329
23330
23332
23334
23340
23352
23358
23363
23365
23367
23374
23375
23380
23395
23398
23405
23413
23415
23431
23432
23435
23441
23452
23453
23455
23488
23495
23499
23502
23513
23517
23544
23557
23561
23570
23582
23588
23590
23595
23600
23604
23615
23627
23628
23643
23654
23666
23669
23675
23699
23709
23712
23716
23724
23753
23754
23758
23766
23773
23780
23807
23808
23828
23832
23834
23841
23857
23876
23890
23895
23896
23899
23900
23901
23904
23913
23915
23920
23940
23952
23978
23981
23981
23990
23995
23996
23999
24031
24047
24048
24050
24060
24063
24079
24081
24086
24104
24108
24110
24118
24125
24134
24144
24154
24166
24178
24184
24185
24193
24211
24217
24221
24230
24238
24241
24253
24257
24262
24266
24268
24272
24275
24275
24284
24301
24309
24313
24325
24337
24342
24344
24366
24379
24391
24415
24436
24437
24445
24462
24469
24511
24512
24519
24523
24535
24542
24547
24554
24574
24600
24610
24631
24635
24655
24659
24666
24688
24715
24738
24752
24769
24795
24828
24843
24849
24870
24872
24880
24886
24887
24906
24909
24912
24916
24923
24927
24931
24935
24944
24951
24960
24975
24977
24982
24991
24996
25005
25062
25083
25083
25096
25115
25129
25142
25144
25149
25165
25204
25206
25227
25230
25235
25241
25249
25299
25316
25332
25341
25345
25345
25354
25375
25383
25400
25402
25416
25427
25447
25457
25464
25468
25481
25485
25494
25514
25521
25522
25545
25557
25558
25565
25594
25611
25619
25645
25651
25687
25714
25719
25723
25727
25751
25758
25766
25768
25778
25782
25785
25804
25811
25832
25843
25862
25863
25869
25882
25893
25895
25897
25901
25906
25917
25928
25935
25937
25956
25966
25972
25982
26008
26028
26035
26054
26068
26070
26072
26080
26085
26089
26092
26097
26101
26104
26113
26144
26153
26159
26168
26179
26194
26205
26211
26216
26217
26219
26228
26243
26251
26251
26276
26283
26295
26300
26326
26351
26379
26396
26414
26419
26427
26441
26459
26468
26490
26495
26503
26503
26543
26545
26549
26560
26565
26591
26600
26612
26614
26616
26632
26639
26645
26661
26665
26692
26705
26711
26718
26721
26723
26730
26745
26748
26756
26762
26787
26793
26794
26797
26809
26809
26821
26826
26831
26840
26848
26852
26853
26865
26866
26869
26881
26892
26920
26937
26938
26967
26970
26992
27012
27026
27030
27047
27053
27076
27087
27101
27105
27123
27128
27131
27139
27148
27150
27154
27156
27171
27185
27195
27203
27205
27210
27256
27258
27296
27298
27298
27307
27311
27313
27329
27331
27403
27403
27407
27420
27421
27424
27425
27438
27441
27454
27489
27512
27518
27524
27526
27533
27544
27545
27570
27571
27592
27605
27616
27619
27622
27644
27669
27676
27688
27695
27698
27706
27715
27719
27727
27738
27746
27751
27755
27757
27761
27762
27767
27776
27776
27783
27793
27796
27802
27819
27819
27821
27867
27867
27879
27885
27900
27901
27905
27919
27931
27941
27952
27965
27967
27968
27981
27981
27982
27999
28013
28025
28027
28074
28097
28115
28117
28119
28130
28133
28140
28144
28144
28150
28161
28181
28207
28237
28240
28253
28257
28273
28274
28295
28305
28316
28319
28332
28339
28366
28379
28386
28419
28432
28448
28457
28468
28470
28470
28480
28490
28493
28496
28502
28508
28538
28541
28543
28547
28550
28566
28587
28590
28591
28597
28602
28631
28636
28646
28668
28682
28694
28698
28704
28707
28712
28712
28731
28735
28738
28743
28748
28752
28752
28763
28786
28792
28831
28839
28847
28868
28912
28924
28927
28946
28968
28989
28991
29010
29021
29021
29035
29039
29040
29048
29049
29058
29059
29069
29075
29091
29109
29110
29127
29131
29139
29176
29179
29221
29224
29235
29259
29259
29261
29279
29291
29306
29311
29323
29339
29352
29364
29367
29378
29390
29410
29413
29413
29434
29442
29442
29445
29447
29449
29461
29463
29468
29470
29486
29490
29497
29503
29530
29543
29546
29551
29580
29581
29589
29591
29594
29599
29615
29617
29637
29704
29709
29710
29732
29735
29739
29741
29779
29781
29783
29796
29822
29829
29829
29832
29849
29853
29854
29858
29874
29874
29876
29883
29892
29894
29896
29897
29897
29901
29916
29930
29959
29964
29970
29978
29983
29983
29990
29997
30021
30025
30028
30050
30064
30067
30075
30076
30085
30088
30093
30095
30118
30121
30124
30136
30148
30173
30183
30193
30203
30223
30233
30239
30241
30242
30253
30260
30268
30271
30276
30278
30285
30297
30306
30307
30316
30317
30317
30335
30343
30353
30385
30407
30425
30430
30443
30443
30443
30451
30457
30471
30505
30522
30523
30554
30569
30571
30587
30593
30596
30599
30610
30635
30637
30646
30665
30681
30682
30686
30686
30695
30698
30699
30707
30716
30717
30720
30734
30746
30760
30760
30778
30779
30782
30790
30791
30805
30831
30835
30854
30869
30871
30874
30894
30896
30901
30908
30933
30940
30953
30969
30970
30985
30992
30996
31007
31012
31025
31028
31039
31048
31053
31054
31098
31102
31113
31118
31119
31149
31152
31163
31178
31178
31179
31189
31196
31202
31214
31218
31222
31233
31242
31272
31288
31292
31296
31308
31308
31312
31325
31327
31341
31368
31395
31395
31413
31432
31437
31439
31442
31443
31452
31466
31468
31473
31479
31508
31520
31527
31529
31543
31559
31564
31579
31580
31591
31601
31607
31612
31637
31681
31682
31689
31701
31706
31708
31714
31714
31718
31719
31719
31719
31720
31739
31745
31762
31768
31799
31819
31819
31851
31859
31872
31895
31899
31901
31906
31995
32033
32038
32054
32057
32058
32063
32066
32070
32077
32087
32093
32098
32102
32115
32147
32165
32169
32188
32205
32209
32227
32237
32243
32247
32259
32261
32268
32273
32275
32283
32287
32303
32323
32326
32340
32348
32349
32349
32361
32388
32397
32403
32403
32407
32416
32416
32423
32423
32436
32446
32447
32455
32467
32474
32485
32486
32487
32487
32489
32495
32513
32530
32533
32534
32540
32560
32593
32593
32612
32669
32675
32680
32693
32695
32701
32702
32728
32744
32753
32761
32775
32782
32791
32791
32794
32797
32807
32820
32825
32833
32838
32850
32851
32860
32861
32890
32897
32901
32901
32904
32904
32967
32968
32987
32991
33002
33004
33007
33011
33014
33017
33023
33024
33032
33033
33047
33048
33053
33130
33146
33148
33153
33189
33194
33203
33207
33224
33237
33246
33246
33251
33252
33262
33288
33295
33310
33339
33346
33357
33367
33390
33393
33408
33420
33429
33444
33453
33455
33457
33457
33465
33469
33472
33474
33482
33493
33526
33529
33538
33554
33560
33560
33578
33581
33591
33595
33596
33598
33600
33604
33616
33623
33627
33632
33638
33639
33644
33654
33671
33676
33681
33688
33707
33716
33732
33743
33746
33750
33759
33760
33761
33766
33768
33788
33794
33802
33823
33828
33861
33863
33866
33889
33904
33904
33924
33939
33949
33951
33954
33961
33965
33966
33973
33974
33975
34004
34027
34032
34041
34066
34066
34074
34078
34083
34083
34096
34103
34109
34112
34141
34147
34158
34160
34169
34169
34170
34173
34175
34219
34240
34248
34265
34289
34291
34306
34329
34331
34347
34362
34363
34377
34379
34392
34395
34405
34410
34412
34424
34492
34520
34529
34589
34610
34622
34624
34642
34642
34646
34648
34654
34657
34658
34668
34672
34674
34684
34685
34695
34697
34709
34717
34724
34732
34735
34737
34745
34759
34768
34777
34781
34781
34792
34794
34817
34831
34833
34839
34843
34873
34882
34887
34895
34912
34914
34915
34918
34923
34929
34940
34956
34968
34969
34972
34978
34996
34999
35010
35010
35014
35016
35034
35041
35051
35052
35066
35074
35074
35082
35090
35093
35109
35115
35116
35137
35138
35145
35150
35151
35152
35162
35173
35182
35207
35221
35226
35232
35243
35253
35277
35282
35283
35305
35311
35318
35325
35327
35340
35342
35357
35382
35395
35402
35404
35406
35449
35454
35468
35476
35508
35512
35530
35532
35538
35544
35552
35567
35595
35605
35628
35633
35641
35650
35651
35658
35671
35686
35693
35721
35734
35738
35772
35777
35790
35806
35808
35827
35830
35834
35839
35844
35862
35918
35933
35938
35951
35959
35964
35987
36009
36012
36045
36083
36084
36086
36088
36090
36090
36092
36098
36102
36152
36155
36156
36156
36179
36204
36218
36226
36236
36309
36310
36323
36325
36325
36339
36352
36353
36358
36361
36367
36369
36387
36397
36414
36425
36425
36433
36450
36472
36481
36490
36513
36521
36530
36547
36554
36557
36558
36565
36583
36586
36587
36624
36632
36636
36645
36646
36649
36655
36658
36664
36665
36668
36677
36705
36724
36725
36727
36737
36741
36752
36755
36759
36771
36790
36799
36807
36810
36816
36826
36849
36877
36878
36884
36892
36903
36913
36913
36921
36942
36950
36963
36980
36989
37024
37028
37039
37050
37055
37067
37076
37085
37092
37104
37115
37118
37118
37136
37156
37163
37187
37188
37189
37191
37209
37221
37231
37264
37269
37272
37279
37284
37302
37311
37313
37354
37359
37363
37366
37371
37382
37385
37394
37395
37422
37429
37434
37445
37458
37465
37469
37472
37507
37514
37519
37522
37524
37527
37557
37559
37580
37600
37600
37630
37645
37647
37653
37655
37681
37687
37689
37706
37718
37719
37726
37732
37739
37747
37751
37763
37767
37783
37787
37824
37832
37832
37833
37850
37854
37861
37862
37881
37883
37894
37907
37907
37918
37946
37959
37981
37986
37994
38000
38034
38058
38075
38085
38091
38099
38136
38137
38145
38171
38185
38191
38228
38255
38259
38271
38284
38308
38332
38332
38368
38387
38390
38421
38443
38449
38451
38496
38502
38524
38549
38559
38561
38563
38567
38569
38569
38572
38581
38592
38592
38613
38614
38619
38636
38638
38641
38643
38652
38657
38657
38659
38667
38669
38676
38694
38718
38732
38769
38769
38784
38802
38811
38813
38826
38852
38854
38917
38917
38940
38955
38955
38962
38964
38973
38984
39003
39004
39012
39019
39020
39030
39047
39047
39057
39065
39076
39077
39088
39100
39102
39109
39115
39116
39120
39156
39173
39185
39189
39192
39196
39208
39221
39234
39243
39260
39276
39278
39291
39291
39295
39296
39298
39317
39319
39324
39329
39353
39355
39358
39361
39401
39407
39409
39418
39427
39428
39435
39437
39438
39445
39447
39448
39459
39460
39462
39467
39485
39485
39494
39516
39518
39537
39539
39545
39547
39571
39582
39582
39589
39589
39592
39593
39594
39596
39602
39605
39610
39614
39622
39623
39641
39647
39655
39657
39681
39682
39683
39695
39700
39701
39721
39728
39730
39730
39730
39736
39737
39755
39820
39914
39926
39926
39929
39933
39946
39952
39961
39961
39962
39976
39977
39982
39987
39991
40018
40035
40045
40047
40048
40051
40053
40055
40064
40068
40076
40080
40086
40089
40091
40128
40141
40141
40164
40165
40188
40198
40205
40236
40267
40279
40287
40300
40325
40335
40354
40360
40368
40387
40393
40425
40437
40462
40463
40467
40471
40472
40472
40473
40479
40487
40499
40513
40519
40552
40562
40564
40586
40602
40603
40608
40610
40613
40618
40636
40652
40691
40695
40699
40703
40709
40721
40739
40747
40753
40754
40762
40766
40773
40777
40785
40799
40801
40812
40813
40818
40819
40827
40835
40849
40876
40878
40881
40889
40890
40897
40917
40935
40950
40956
40973
40979
41002
41010
41016
41034
41037
41047
41058
41063
41064
41078
41087
41087
41092
41095
41101
41111
41116
41119
41119
41123
41129
41148
41206
41211
41219
41225
41231
41249
41270
41274
41275
41277
41278
41286
41298
41322
41324
41328
41337
41351
41371
41374
41375
41383
41387
41399
41403
41416
41427
41436
41440
41443
41448
41449
41451
41453
41469
41479
41485
41504
41506
41508
41514
41520
41526
41531
41536
41550
41555
41559
41564
41571
41576
41593
41600
41613
41616
41621
41625
41633
41646
41649
41650
41650
41654
41670
41693
41694
41714
41730
41733
41748
41752
41757
41764
41766
41774
41778
41781
41815
41818
41841
41848
41853
41858
41881
41887
41890
41890
41892
41893
41933
41950
41956
41982
41983
41994
41995
42003
42014
42017
42024
42042
42078
42088
42091
42111
42112
42114
42118
42119
42125
42140
42145
42198
42198
42219
42234
42239
42240
42247
42251
42263
42263
42276
42288
42294
42298
42302
42309
42310
42316
42329
42343
42348
42356
42373
42404
42405
42417
42419
42424
42440
42442
42442
42444
42447
42455
42455
42456
42462
42467
42474
42485
42486
42501
42505
42511
42534
42536
42571
42572
42580
42584
42603
42612
42618
42624
42633
42635
42638
42642
42642
42644
42648
42649
42652
42652
42658
42662
42667
42681
42683
42699
42710
42730
42740
42748
42755
42756
42763
42774
42788
42798
42804
42820
42825
42845
42855
42860
42871
42873
42889
42889
42895
42898
42901
42914
42914
42917
42922
42926
42938
42948
42951
42955
42958
42959
42968
42987
42990
43000
43007
43022
43049
43067
43068
43081
43090
43100
43106
43129
43132
43142
43144
43145
43162
43169
43169
43199
43201
43203
43206
43207
43211
43215
43244
43249
43260
43269
43291
43303
43308
43312
43321
43336
43379
43420
43436
43448
43454
43492
43502
43503
43509
43520
43521
43524
43535
43548
43558
43575
43578
43582
43588
43594
43609
43624
43637
43649
43658
43679
43708
43717
43720
43720
43723
43732
43752
43765
43770
43794
43802
43808
43808
43811
43815
43822
43828
43835
43855
43858
43868
43870
43874
43874
43875
43909
43913
43919
43930
43943
43973
44038
44045
44047
44064
44071
44094
44110
44117
44122
44131
44133
44139
44143
44145
44153
44153
44168
44181
44186
44188
44207
44210
44217
44225
44241
44244
44263
44264
44289
44306
44312
44325
44339
44348
44350
44352
44360
44385
44388
44394
44412
44419
44440
44445
44454
44457
44462
44471
44494
44518
44524
44527
44531
44535
44542
44545
44558
44575
44579
44585
44585
44588
44591
44604
44610
44610
44614
44615
44626
44630
44642
44650
44655
44660
44665
44666
44680
44682
44682
44688
44725
44732
44733
44767
44796
44817
44819
44823
44832
44837
44860
44865
44876
44886
44891
44901
44922
44942
44943
44945
44992
44995
44996
45000
45004
45052
45067
45072
45086
45095
45098
45101
45102
45117
45119
45133
45144
45146
45150
45183
45186
45193
45199
45200
45219
45224
45227
45252
45255
45256
45258
45292
45302
45315
45329
45338
45345
45362
45378
45384
45394
45404
45410
45411
45417
45420
45442
45473
45481
45488
45492
45534
45549
45552
45556
45558
45559
45562
45567
45615
45634
45636
45646
45658
45673
45694
45705
45706
45707
45707
45729
45740
45748
45754
45777
45793
45795
45795
45810
45825
45837
45856
45869
45873
45895
45906
45907
45918
45940
45942
45954
45968
45997
46022
46024
46025
46039
46055
46067
46067
46068
46069
46075
46083
46085
46096
46105
46106
46109
46113
46113
46117
46127
46136
46144
46177
46178
46183
46189
46189
46190
46203
46218
46222
46245
46263
46277
46281
46313
46328
46331
46356
46381
46383
46410
46414
46472
46481
46485
46493
46499
46522
46545
46573
46594
46596
46601
46616
46618
46619
46635
46636
46654
46661
46663
46688
46691
46711
46719
46721
46734
46757
46757
46765
46767
46771
46785
46791
46797
46800
46812
46823
46824
46839
46840
46844
46847
46850
46859
46872
46875
46880
46889
46903
46914
46918
46919
46930
46938
46951
46952
46988
46998
47001
47004
47016
47034
47037
47038
47051
47087
47105
47107
47128
47137
47177
47193
47211
47220
47241
47269
47271
47275
47298
47303
47315
47322
47326
47340
47357
47370
47370
47379
47382
47388
47416
47436
47445
47450
47456
47471
47477
47520
47525
47532
47536
47536
47541
47568
47569
47597
47606
47612
47622
47625
47643
47649
47668
47674
47679
47683
47696
47700
47702
47703
47709
47713
47719
47721
47741
47748
47782
47787
47794
47805
47817
47843
47905
47913
47921
47947
47952
47961
47985
47990
47992
48000
48003
48040
48056
48058
48063
48100
48130
48138
48144
48155
48160
48167
48172
48177
48184
48220
48222
48226
48233
48238
48249
48268
48273
48289
48300
48316
48333
48338
48354
48360
48376
48379
48385
48410
48412
48412
48450
48460
48466
48475
48497
48498
48506
48522
48531
48539
48555
48562
48578
48588
48595
48607
48636
48654
48662
48663
48669
48676
48709
48712
48718
48742
48753
48760
48762
48765
48770
48777
48778
48801
48801
48804
48818
48865
48874
48874
48897
48902
48911
48921
48926
48939
48978
48979
48980
49006
49012
49018
49021
49042
49044
49047
49051
49060
49074
49077
49092
49101
49128
49128
49130
49151
49155
49166
49176
49178
49178
49184
49192
49195
49214
49221
49242
49258
49277
49281
49320
49321
49324
49327
49354
49371
49374
49375
49382
49411
49431
49432
49451
49454
49479
49488
49489
49504
49504
49510
49535
49547
49550
49554
49554
49574
49586
49603
49632
49634
49640
49664
49670
49703
49712
49721
49731
49762
49778
49787
49801
49806
49807
49810
49819
49822
49826
49835
49849
49852
49856
49869
49887
49899
49905
49934
49938
49947
49950
49950
49954
49989
49994
49999
50007
50028
50049
50057
50067
50074
50096
50102
50120
50143
50148
50153
50159
50176
50190
50191
50215
50277
50308
50336
50349
50362
50372
50377
50383
50383
50391
50398
50401
50415
50420
50433
50441
50446
50460
50462
50474
50492
50493
50495
50499
50506
50542
50552
50558
50577
50581
50615
50618
50625
50642
50659
50662
50689
50693
50700
50728
50730
50761
50784
50795
50804
50814
50832
50838
50839
50844
50855
50869
50882
50883
50887
50888
50892
50906
50918
50920
50922
50937
50958
50960
50971
50972
50987
50989
50994
50995
51032
51044
51044
51046
51049
51051
51060
51065
51074
51076
51080
51082
51093
51106
51108
51115
51115
51116
51127
51134
51143
51145
51168
51172
51174
51179
51181
51182
51183
51187
51189
51193
51194
51196
51198
51210
51222
51229
51231
51234
51234
51243
51262
51266
51296
51337
51339
51339
51363
51367
51372
51381
51383
51401
51441
51471
51473
51477
51486
51503
51517
51525
51533
51534
51548
51558
51563
51568
51583
51584
51591
51603
51603
51604
51606
51622
51649
51669
51681
51682
51683
51685
51697
51732
51739
51750
51760
51778
51782
51791
51792
51802
51808
51811
51812
51816
51827
51835
51837
51849
51851
51862
51902
51913
51913
51913
51933
51934
51955
51957
51971
51977
52011
52015
52018
52024
52035
52038
52054
52063
52064
52088
52103
52126
52127
52150
52152
52152
52161
52178
52193
52193
52212
52212
52233
52246
52253
52260
52266
52276
52287
52305
52309
52310
52310
52321
52324
52326
52337
52343
52369
52373
52379
52379
52399
52419
52423
52443
52445
52448
52450
52453
52455
52469
52505
52512
52526
52544
52548
52551
52552
52577
52595
52597
52601
52608
52615
52637
52647
52660
52677
52682
52682
52688
52691
52698
52704
52706
52707
52717
52736
52742
52753
52758
52760
52771
52780
52783
52788
52829
52832
52835
52841
52841
52858
52861
52865
52869
52880
52889
52955
52957
52963
52976
52984
52986
52994
53019
53033
53038
53043
53046
53060
53066
53069
53075
53106
53108
53109
53112
53114
53134
53141
53150
53154
53165
53190
53205
53208
53214
53230
53241
53244
53274
53277
53304
53322
53343
53351
53356
53357
53373
53388
53447
53448
53459
53473
53523
53523
53530
53549
53566
53572
53573
53576
53582
53594
53598
53612
53615
53621
53624
53627
53636
53641
53697
53712
53719
53722
53731
53739
53752
53753
53755
53758
53785
53800
53804
53821
53822
53839
53841
53852
53853
53861
53861
53869
53891
53894
53907
53916
53918
53923
53928
53934
53944
53945
53952
53975
53982
53993
53993
54003
54045
54053
54055
54064
54076
54077
54087
54090
54091
54092
54095
54100
54109
54120
54123
54130
54175
54181
54182
54183
54211
54216
54223
54224
54231
54243
54259
54262
54275
54281
54283
54288
54290
54298
54321
54322
54328
54354
54360
54367
54377
54382
54398
54405
54417
54421
54426
54428
54437
54440
54453
54476
54486
54509
54513
54516
54531
54533
54537
54579
54583
54589
54593
54594
54596
54610
54623
54629
54644
54672
54675
54683
54686
54686
54702
54704
54705
54713
54718
54726
54738
54745
54761
54763
54768
54776
54779
54780
54799
54830
54831
54838
54844
54856
54868
54876
54907
54909
54910
54910
54919
54933
54947
54948
54956
54967
54997
55001
55016
55024
55052
55056
55060
55084
55110
55137
55141
55144
55175
55183
55186
55193
55229
55235
55247
55248
55253
55255
55257
55269
55270
55293
55294
55309
55322
55326
55328
55336
55344
55351
55364
55376
55387
55392
55434
55438
55444
55447
55458
55468
55502
55514
55519
55529
55537
55541
55548
55552
55555
55557
55559
55564
55570
55573
55573
55581
55587
55588
55597
55623
55628
55638
55652
55673
55706
55710
55713
55719
55723
55726
55733
55745
55764
55768
55769
55777
55812
55812
55833
55840
55847
55868
55874
55876
55895
55922
55930
55933
55937
55949
55949
55950
55951
55955
55965
55980
56003
56037
56060
56065
56094
56099
56100
56113
56113
56140
56152
56154
56171
56185
56216
56221
56222
56244
56251
56263
56270
56278
56286
56286
56286
56289
56298
56303
56311
56319
56322
56342
56343
56347
56369
56389
56397
56402
56403
56414
56414
56421
56447
56451
56453
56460
56464
56468
56480
56491
56501
56507
56509
56516
56522
56528
56546
56555
56558
56578
56584
56589
56592
56599
56623
56628
56641
56641
56641
56659
56662
56666
56730
56744
56748
56750
56751
56765
56767
56782
56787
56795
56801
56805
56834
56835
56838
56845
56851
56852
56878
56910
56933
56953
56968
56981
56985
56988
56994
56996
57009
57020
57045
57045
57048
57057
57080
57092
57097
57100
57104
57139
57180
57196
57200
57211
57224
57233
57235
57240
57244
57245
57246
57250
57257
57272
57279
57287
57288
57291
57300
57316
57329
57334
57336
57340
57360
57387
57388
57425
57477
57492
57498
57500
57503
57503
57512
57521
57533
57538
57544
57561
57565
57568
57590
57592
57641
57643
57643
57668
57681
57687
57691
57712
57720
57722
57733
57733
57734
57743
57754
57768
57774
57780
57790
57800
57803
57818
57847
57883
57884
57886
57887
57897
57900
57914
57919
57928
57930
57931
57940
57943
57943
57951
57970
57984
57985
57996
58014
58021
58038
58041
58043
58060
58061
58069
58081
58101
58114
58117
58124
58135
58145
58208
58218
58242
58261
58266
58268
58268
58270
58277
58309
58337
58341
58346
58392
58408
58412
58417
58420
58422
58431
58432
58436
58438
58445
58455
58458
58479
58484
58498
58520
58524
58537
58549
58555
58563
58567
58588
58596
58609
58617
58619
58619
58631
58638
58640
58643
58660
58671
58673
58678
58695
58736
58738
58752
58752
58753
58757
58791
58798
58806
58806
58812
58814
58833
58835
58893
58904
58925
58928
58932
58937
58943
58947
58954
58957
58963
58963
58975
58983
58989
58994
59002
59005
59029
59034
59037
59038
59066
59074
59084
59088
59109
59128
59133
59134
59138
59144
59149
59160
59218
59229
59230
59231
59234
59260
59261
59276
59279
59286
59293
59318
59319
59336
59336
59337
59350
59356
59368
59388
59394
59399
59413
59416
59417
59435
59443
59465
59466
59467
59468
59474
59475
59488
59492
59503
59526
59532
59535
59560
59561
59563
59579
59581
59585
59605
59617
59636
59652
59663
59684
59688
59693
59694
59694
59697
59698
59699
59703
59706
59741
59743
59748
59753
59755
59762
59765
59768
59810
59821
59837
59872
59882
59891
59906
59916
59916
59922
59928
59952
59958
59965
59980
59994
59999
60010
60021
60031
60049
60063
60079
60081
60086
60100
60107
60112
60114
60115
60129
60134
60138
60144
60156
60157
60159
60160
60179
60203
60277
60296
60304
60309
60318
60318
60342
60347
60348
60364
60371
60398
60406
60414
60415
60479
60500
60522
60526
60528
60530
60553
60563
60573
60577
60579
60607
60640
60646
60649
60650
60650
60679
60680
60750
60769
60773
60814
60818
60829
60843
60853
60865
60870
60906
60915
60957
60957
60960
60962
60993
61011
61014
61026
61044
61051
61053
61053
61057
61061
61062
61074
61074
61125
61142
61155
61157
61159
61164
61173
61209
61233
61239
61239
61277
61277
61299
61309
61309
61311
61327
61328
61333
61344
61352
61366
61368
61375
61403
61403
61417
61419
61434
61440
61449
61451
61455
61468
61472
61476
61481
61494
61494
61503
61504
61506
61509
61512
61524
61525
61543
61560
61566
61566
61572
61578
61595
61603
61618
61623
61627
61651
61657
61663
61671
61679
61685
61691
61709
61712
61720
61727
61729
61735
61737
61746
61755
61761
61778
61778
61800
61805
61805
61812
61820
61850
61864
61879
61884
61888
61903
61913
61917
61921
61927
61944
61945
61961
61964
61967
61983
61987
61990
62005
62008
62017
62033
62034
62043
62049
62069
62077
62105
62107
62110
62113
62120
62131
62144
62154
62172
62180
62195
62211
62219
62225
62228
62231
62233
62235
62242
62260
62280
62281
62283
62287
62289
62317
62321
62328
62352
62372
62372
62373
62412
62412
62425
62429
62430
62430
62448
62454
62457
62465
62483
62521
62532
62534
62537
62540
62541
62554
62562
62574
62605
62613
62614
62615
62617
62631
62674
62681
62692
62722
62740
62771
62773
62781
62816
62816
62830
62831
62835
62850
62851
62854
62867
62878
62898
62906
62914
62918
62923
62934
62935
62935
62943
62945
62964
62987
62989
62995
62998
63001
63003
63004
63023
63024
63039
63043
63049
63061
63104
63105
63115
63143
63153
63154
63179
63183
63190
63194
63200
63202
63222
63225
63242
63242
63245
63260
63262
63263
63268
63284
63320
63325
63345
63347
63350
63354
63355
63359
63386
63396
63407
63408
63416
63418
63418
63419
63419
63454
63461
63465
63480
63507
63519
63520
63525
63527
63554
63559
63589
63593
63600
63603
63606
63608
63631
63635
63637
63640
63644
63654
63667
63672
63674
63675
63676
63687
63688
63688
63691
63709
63710
63724
63733
63751
63766
63793
63794
63797
63802
63827
63829
63835
63840
63841
63866
63876
63879
63883
63895
63911
63913
63925
63931
63934
63959
63961
63967
63972
63983
63995
63997
64003
64013
64016
64029
64029
64038
64041
64046
64059
64062
64071
64079
64086
64089
64104
64107
64108
64112
64116
64125
64151
64156
64159
64162
64175
64237
64237
64247
64259
64270
64273
64274
64275
64295
64307
64308
64310
64313
64317
64321
64324
64328
64351
64352
64353
64353
64357
64360
64379
64384
64396
64398
64417
64428
64433
64440
64467
64486
64487
64489
64494
64495
64495
64503
64511
64521
64524
64534
64543
64558
64573
64573
64583
64584
64588
64596
64601
64605
64610
64611
64611
64625
64657
64658
64689
64690
64695
64699
64701
64704
64708
64710
64728
64729
64732
64745
64748
64768
64798
64835
64838
64842
64856
64857
64867
64876
64880
64882
64884
64886
64905
64905
64907
64913
64926
64945
64947
64969
64971
64978
65010
65013
65016
65017
65074
65089
65102
65109
65121
65125
65127
65158
65167
65169
65170
65188
65195
65196
65205
65208
65238
65239
65241
65241
65246
65248
65261
65281
65303
65305
65313
65320
65327
65333
65344
65345
65369
65397
65405
65437
65438
65452
65463
65467
65495
65498
65506
65508
65527
65529
65545
65546
65560
65581
65587
65590
65610
65614
65661
65666
65693
65709
65716
65746
65749
65758
65763
65785
65799
65807
65836
65839
65840
65849
65852
65853
65864
65887
65895
65897
65973
65988
65988
65994
66019
66021
66021
66047
66049
66060
66069
66070
66075
66088
66091
66109
66113
66123
66129
66149
66176
66184
66198
66230
66237
66238
66250
66259
66274
66282
66285
66290
66314
66344
66354
66357
66360
66363
66383
66393
66409
66420
66421
66431
66434
66439
66443
66447
66448
66451
66468
66474
66479
66483
66489
66502
66511
66532
66550
66558
66573
66602
66604
66619
66630
66643
66656
66671
66681
66703
66713
66722
66728
66728
66736
66738
66744
66748
66755
66782
66796
66822
66823
66834
66858
66869
66872
66876
66885
66897
66903
66907
66912
66912
66913
66914
66939
66951
66953
66959
66967
66974
66980
67000
67026
67032
67072
67082
67097
67100
67112
67133
67144
67150
67167
67194
67228
67230
67235
67235
67236
67241
67252
67266
67270
67273
67277
67281
67288
67289
67296
67302
67303
67311
67316
67320
67328
67343
67353
67354
67359
67374
67385
67397
67404
67410
67415
67436
67459
67463
67464
67470
67478
67490
67491
67508
67508
67509
67523
67533
67543
67546
67566
67581
67584
67615
67625
67627
67639
67665
67665
67682
67687
67694
67707
67731
67742
67743
67745
67751
67758
67763
67795
67813
67819
67833
67835
67850
67859
67864
67880
67882
67900
67915
67918
67940
67949
67960
67990
68002
68009
68041
68045
68057
68059
68074
68098
68130
68136
68138
68141
68145
68154
68162
68181
68191
68201
68202
68224
68227
68232
68237
68242
68243
68253
68260
68262
68279
68298
68304
68318
68356
68363
68377
68379
68395
68410
68417
68423
68423
68425
68429
68431
68460
68465
68491
68495
68520
68535
68554
68554
68569
68598
68609
68618
68631
68632
68632
68642
68649
68656
68662
68679
68686
68689
68712
68714
68737
68746
68750
68757
68760
68765
68799
68801
68801
68807
68810
68815
68834
68841
68844
68844
68861
68872
68887
68919
68921
68951
68955
68957
68968
68973
69014
69047
69085
69087
69091
69104
69108
69129
69147
69150
69161
69185
69200
69208
69230
69233
69237
69273
69279
69285
69285
69294
69308
69317
69324
69338
69383
69405
69412
69414
69431
69442
69468
69471
69478
69489
69505
69509
69519
69525
69528
69534
69551
69558
69563
69569
69595
69608
69638
69646
69653
69656
69663
69686
69693
69701
69703
69703
69710
69726
69728
69734
69736
69751
69753
69765
69776
69796
69798
69806
69815
69816
69842
69865
69870
69871
69893
69894
69909
69909
69911
69926
69926
69929
69931
69963
69970
69981
69984
69987
69989
70016
70030
70034
70075
70078
70088
70092
70110
70110
70128
70131
70132
70142
70142
70156
70162
70171
70186
70192
70194
70199
70202
70207
70207
70216
70225
70226
70235
70240
70240
70242
70272
70279
70284
70318
70352
70359
70373
70377
70379
70386
70387
70393
70418
70436
70440
70441
70443
70451
70460
70464
70464
70489
70497
70517
70521
70522
70531
70546
70561
70562
70562
70565
70592
70593
70600
70604
70612
70625
70656
70656
70674
70690
70694
70700
70702
70703
70725
70733
70754
70756
70767
70767
70769
70814
70818
70818
70828
70831
70835
70876
70893
70904
70919
70920
70936
70956
70959
70970
70979
70985
71009
71016
71029
71031
71043
71051
71098
71100
71114
71119
71136
71141
71156
71164
71165
71165
71174
71181
71181
71187
71194
71205
71209
71260
71268
71309
71327
71346
71358
71359
71362
71379
71385
71385
71413
71417
71422
71436
71437
71444
71464
71466
71470
71478
71481
71482
71484
71497
71501
71510
71514
71523
71531
71542
71542
71546
71549
71551
71552
71556
71562
71563
71567
71569
71569
71584
71594
71606
71615
71655
71656
71658
71674
71676
71697
71703
71703
71705
71711
71722
71724
71726
71753
71759
71768
71774
71776
71784
71805
71806
71827
71839
71861
71867
71868
71884
71884
71886
71918
71946
71953
71958
71961
71971
71988
71993
71997
71999
72006
72012
72013
72034
72035
72046
72052
72064
72064
72072
72074
72074
72081
72090
72094
72104
72109
72119
72119
72135
72157
72163
72168
72175
72181
72184
72185
72190
72199
72208
72221
72232
72244
72254
72264
72266
72266
72269
72297
72299
72301
72302
72306
72322
72331
72336
72341
72370
72374
72383
72389
72417
72422
72437
72439
72446
72451
72458
72471
72471
72473
72480
72503
72508
72514
72521
72538
72562
72572
72593
72618
72625
72662
72671
72683
72686
72718
72725
72726
72748
72756
72758
72770
72775
72792
72792
72795
72797
72810
72826
72830
72830
72852
72873
72874
72881
72881
72904
72914
72921
72925
72926
72928
72932
72934
72951
72961
72971
72975
72977
72995
73001
73002
73003
73024
73024
73035
73038
73058
73058
73064
73069
73070
73073
73092
73107
73108
73111
73112
73122
73135
73172
73185
73192
73199
73210
73219
73221
73226
73236
73237
73241
73254
73257
73280
73281
73282
73290
73304
73305
73316
73316
73319
73329
73330
73331
73336
73338
73342
73348
73413
73415
73446
73462
73478
73484
73485
73493
73521
73521
73528
73544
73569
73602
73630
73639
73642
73647
73653
73669
73681
73694
73695
73696
73701
73705
73724
73731
73739
73772
73796
73804
73807
73808
73813
73815
73816
73821
73824
73881
73881
73884
73890
73922
73946
73957
73962
73963
73965
73971
73979
73998
74008
74034
74052
74065
74070
74119
74147
74161
74164
74178
74210
74219
74237
74260
74271
74273
74277
74289
74293
74295
74296
74310
74311
74328
74341
74374
74377
74384
74391
74392
74428
74439
74440
74448
74451
74464
74475
74476
74480
74483
74495
74496
74500
74529
74575
74578
74586
74592
74594
74601
74611
74641
74648
74648
74664
74666
74707
74719
74731
74770
74774
74786
74788
74791
74798
74808
74814
74817
74817
74820
74838
74854
74867
74889
74908
74928
74938
74941
74946
75011
75035
75039
75066
75109
75115
75128
75129
75145
75146
75147
75150
75151
75154
75158
75165
75171
75197
75213
75233
75234
75250
75253
75255
75255
75279
75305
75306
75306
75307
75311
75314
75321
75324
75330
75333
75334
75334
75352
75354
75362
75366
75367
75369
75389
75390
75398
75414
75423
75431
75437
75448
75453
75469
75476
75481
75482
75494
75509
75528
75537
75539
75541
75550
75577
75586
75587
75590
75592
75600
75603
75612
75618
75626
75646
75656
75674
75676
75677
75681
75691
75705
75721
75727
75733
75734
75747
75765
75767
75771
75791
75792
75792
75794
75805
75810
75820
75853
75865
75867
75874
75877
75877
75888
75895
75904
75906
75910
75912
75921
75937
75939
75939
75961
75962
75970
75970
75977
75984
75984
75996
76005
76037
76041
76047
76049
76053
76066
76070
76090
76110
76125
76132
76148
76157
76184
76185
76185
76190
76191
76191
76200
76212
76230
76233
76238
76250
76251
76256
76258
76267
76300
76327
76343
76347
76353
76355
76358
76372
76373
76375
76375
76393
76395
76418
76425
76428
76433
76440
76451
76459
76462
76462
76481
76514
76518
76539
76540
76558
76572
76572
76584
76598
76599
76618
76618
76622
76642
76644
76647
76656
76666
76667
76675
76679
76681
76683
76709
76721
76733
76764
76767
76773
76817
76820
76849
76856
76858
76859
76874
76889
76890
76897
76906
76910
76913
76918
76923
76926
76929
76937
76943
76944
76962
76964
76987
77000
77005
77011
77044
77044
77059
77063
77071
77092
77099
77126
77136
77140
77140
77140
77144
77156
77160
77170
77173
77176
77242
77251
77251
77256
77261
77264
77265
77276
77284
77292
77302
77302
77304
77305
77321
77328
77331
77337
77340
77342
77343
77368
77378
77421
77444
77444
77446
77465
77472
77478
77491
77495
77496
77497
77500
77510
77529
77532
77535
77544
77552
77553
77557
77562
77580
77582
77613
77624
77676
77689
77712
77717
77733
77744
77755
77759
77760
77782
77801
77814
77815
77838
77848
77863
77866
77869
77885
77896
77900
77928
77930
77938
77984
77993
77994
77999
78013
78014
78018
78030
78039
78040
78047
78071
78079
78085
78086
78092
78099
78110
78118
78142
78179
78189
78214
78240
78240
78246
78251
78254
78258
78259
78263
78278
78309
78333
78333
78337
78340
78342
78346
78361
78368
78369
78377
78378
78380
78392
78395
78445
78446
78449
78468
78474
78484
78496
78503
78517
78535
78542
78544
78544
78550
78560
78565
78604
78618
78619
78621
78628
78637
78650
78678
78680
78681
78698
78701
78727
78749
78761
78763
78764
78768
78770
78781
78781
78783
78790
78796
78817
78825
78826
78832
78851
78857
78865
78875
78897
78906
78920
78930
78938
78942
78945
78947
78950
78956
78963
78970
78974
79010
79011
79012
79023
79031
79031
79042
79045
79053
79062
79071
79071
79075
79075
79076
79084
79090
79094
79098
79099
79111
79115
79117
79125
79129
79133
79147
79149
79156
79159
79188
79194
79198
79204
79204
79221
79228
79228
79231
79248
79253
79253
79256
79257
79260
79261
79287
79297
79297
79302
79311
79312
79316
79322
79326
79355
79363
79376
79390
79404
79426
79443
79444
79472
79486
79488
79519
79523
79548
79548
79555
79557
79559
79576
79591
79604
79608
79610
79611
79616
79619
79628
79630
79642
79643
79652
79656
79703
79713
79724
79730
79743
79765
79774
79792
79801
79813
79821
79834
79841
79842
79843
79848
79858
79863
79871
79872
79878
79890
79896
79900
79902
79902
79916
79917
79922
79933
79950
79951
79956
79965
79966
79972
79994
80003
80006
80014
80020
80067
80067
80069
80091
80096
80100
80113
80113
80122
80147
80168
80176
80208
80238
80241
80241
80264
80271
80280
80281
80283
80283
80302
80302
80309
80342
80358
80364
80375
80380
80434
80443
80446
80496
80524
80538
80550
80557
80564
80565
80567
80570
80577
80608
80622
80637
80641
80644
80650
80650
80653
80655
80663
80672
80690
80695
80700
80717
80728
80770
80774
80777
80779
80793
80796
80805
80806
80815
80818
80843
80850
80850
80867
80868
80871
80903
80929
80943
80950
80956
80961
80977
80992
80994
81003
81005
81019
81027
81060
81069
81071
81083
81092
81111
81112
81117
81121
81125
81145
81176
81179
81180
81181
81191
81203
81209
81235
81237
81246
81247
81263
81292
81325
81328
81340
81349
81365
81367
81373
81374
81381
81381
81381
81396
81410
81411
81412
81430
81435
81435
81507
81508
81523
81527
81545
81556
81562
81566
81571
81612
81624
81628
81634
81642
81643
81646
81660
81705
81720
81733
81736
81738
81755
81765
81772
81785
81801
81805
81814
81830
81836
81842
81853
81871
81890
81895
81897
81899
81900
81933
81957
81961
81963
81982
81989
82011
82022
82027
82030
82047
82055
82057
82059
82071
82075
82084
82092
82105
82106
82117
82151
82161
82173
82185
82185
82197
82206
82232
82238
82272
82283
82287
82297
82301
82305
82317
82324
82326
82329
82352
82353
82357
82368
82369
82375
82384
82399
82408
82417
82421
82444
82449
82451
82454
82460
82475
82482
82510
82513
82519
82540
82550
82551
82555
82555
82556
82563
82563
82580
82584
82623
82639
82643
82647
82661
82680
82680
82701
82714
82716
82730
82754
82755
82764
82778
82790
82791
82803
82805
82849
82850
82856
82880
82888
82916
82948
82951
82970
82973
82974
82998
83012
83014
83016
83018
83046
83050
83052
83054
83063
83073
83080
83082
83086
83099
83099
83130
83169
83173
83173
83195
83215
83253
83259
83261
83263
83268
83281
83291
83292
83292
83300
83320
83324
83362
83386
83393
83396
83416
83439
83443
83478
83494
83504
83505
83511
83512
83545
83550
83552
83570
83574
83577
83584
83585
83587
83587
83593
83605
83616
83616
83638
83642
83647
83655
83656
83657
83671
83675
83675
83680
83681
83695
83716
83717
83732
83742
83747
83786
83799
83802
83807
83816
83821
83831
83845
83861
83863
83868
83892
83898
83903
83910
83911
83920
83931
83954
83983
83984
83990
84011
84019
84027
84031
84035
84047
84061
84066
84074
84098
84102
84107
84121
84151
84155
84165
84171
84175
84180
84182
84198
84206
84209
84211
84259
84279
84283
84293
84299
84316
84319
84323
84323
84331
84339
84341
84343
84353
84364
84382
84382
84448
84449
84454
84457
84460
84462
84470
84491
84505
84522
84526
84533
84542
84553
84556
84584
84601
84602
84611
84652
84668
84674
84685
84696
84701
84708
84740
84764
84791
84794
84795
84796
84798
84813
84832
84844
84858
84866
84872
84877
84891
84894
84903
84907
84922
84924
84930
84933
84941
84960
84960
84960
84968
84974
84981
84985
84985
84993
84993
84997
85011
85015
85018
85029
85035
85061
85078
85089
85097
85098
85101
85126
85127
85132
85139
85148
85150
85151
85157
85184
85184
85189
85200
85206
85206
85212
85213
85237
85238
85238
85240
85248
85249
85262
85270
85272
85304
85307
85332
85348
85350
85353
85354
85360
85363
85378
85383
85422
85438
85451
85489
85500
85505
85519
85521
85522
85523
85528
85551
85576
85580
85596
85600
85603
85624
85624
85625
85645
85649
85663
85669
85678
85680
85698
85702
85710
85733
85738
85740
85746
85748
85759
85768
85802
85802
85824
85851
85852
85874
85875
85881
85893
85896
85898
85943
85975
85982
86010
86026
86044
86056
86058
86059
86066
86077
86078
86092
86101
86107
86122
86129
86135
86135
86137
86149
86162
86167
86168
86201
86202
86222
86242
86243
86245
86258
86260
86288
86291
86308
86339
86358
86397
86397
86398
86400
86402
86403
86425
86441
86441
86446
86452
86452
86453
86466
86475
86488
86500
86513
86513
86542
86545
86552
86581
86602
86602
86607
86613
86614
86616
86626
86629
86630
86631
86634
86657
86678
86679
86679
86685
86687
86688
86702
86727
86749
86767
86772
86772
86792
86800
86815
86817
86841
86855
86856
86859
86867
86879
86881
86882
86887
86888
86924
86930
86939
86953
86971
86988
86993
87019
87025
87048
87064
87078
87079
87094
87105
87106
87108
87114
87115
87122
87142
87181
87202
87203
87211
87223
87225
87236
87244
87250
87251
87252
87275
87289
87294
87308
87328
87332
87335
87339
87353
87374
87381
87394
87397
87438
87444
87449
87450
87454
87458
87480
87483
87486
87510
87513
87514
87518
87533
87558
87565
87571
87594
87596
87598
87599
87599
87620
87631
87634
87652
87659
87671
87676
87695
87701
87705
87713
87720
87749
87752
87777
87782
87811
87819
87820
87833
87839
87857
87872
87888
87889
87897
87907
87910
87911
87927
87943
87953
87957
87961
87976
87984
88002
88006
88016
88023
88035
88036
88056
88065
88095
88095
88103
88113
88118
88127
88130
88139
88141
88153
88164
88165
88182
88193
88210
88214
88250
88258
88260
88273
88276
88295
88301
88302
88311
88314
88317
88321
88336
88339
88341
88354
88368
88375
88377
88384
88384
88429
88433
88442
88461
88484
88502
88514
88560
88571
88572
88590
88591
88592
88598
88620
88622
88626
88650
88675
88681
88690
88711
88716
88722
88737
88741
88744
88752
88782
88786
88808
88827
88831
88868
88872
88879
88885
88888
88895
88896
88902
88907
88919
88921
88941
88945
88966
88968
88996
89005
89018
89024
89029
89036
89059
89069
89101
89102
89119
89121
89128
89130
89148
89162
89167
89176
89188
89190
89190
89191
89208
89216
89218
89222
89224
89226
89239
89241
89248
89253
89274
89291
89297
89300
89302
89312
89312
89313
89314
89323
89330
89331
89342
89348
89353
89360
89367
89368
89379
89379
89394
89396
89396
89426
89432
89475
89484
89488
89490
89492
89495
89496
89505
89508
89509
89514
89525
89537
89544
89555
89556
89580
89594
89595
89600
89602
89605
89618
89621
89627
89633
89661
89676
89696
89697
89733
89735
89752
89757
89757
89767
89768
89769
89773
89780
89803
89814
89824
89828
89831
89832
89840
89840
89846
89896
89898
89898
89909
89960
89962
89967
89969
89970
89990
90018
90022
90028
90037
90063
90077
90082
90117
90126
90154
90159
90173
90178
90193
90195
90201
90204
90207
90243
90243
90246
90268
90291
90303
90307
90313
90314
90315
90323
90338
90338
90339
90342
90344
90344
90352
90352
90376
90403
90412
90421
90423
90424
90432
90440
90444
90474
90498
90501
90513
90516
90536
90538
90538
90543
90546
90585
90589
90608
90648
90664
90676
90689
90703
90703
90703
90719
90741
90745
90777
90778
90781
90796
90797
90806
90830
90849
90850
90850
90866
90868
90895
90895
90899
90905
90907
90911
90916
90930
90937
90938
90943
90952
90960
90998
91030
91035
91039
91074
91081
91083
91088
91096
91098
91101
91101
91103
91110
91124
91127
91134
91134
91146
91146
91160
91178
91188
91200
91214
91221
91233
91236
91238
91244
91253
91286
91295
91297
91302
91304
91307
91314
91328
91336
91336
91355
91377
91381
91384
91394
91398
91420
91425
91426
91447
91470
91473
91492
91493
91500
91533
91547
91596
91626
91679
91691
91691
91702
91707
91711
91719
91719
91727
91728
91730
91746
91746
91757
91766
91772
91801
91827
91832
91833
91876
91895
91903
91911
91914
91917
91938
91942
91966
91979
91993
91995
91996
92001
92012
92013
92024
92031
92037
92044
92058
92059
92080
92080
92094
92105
92115
92125
92140
92152
92158
92160
92161
92167
92169
92171
92171
92183
92189
92210
92214
92225
92230
92234
92240
92252
92255
92280
92284
92296
92309
92334
92338
92338
92342
92360
92379
92396
92417
92419
92428
92438
92443
92453
92460
92465
92477
92478
92483
92485
92493
92497
92508
92512
92527
92558
92561
92565
92569
92580
92586
92590
92590
92605
92611
92613
92630
92630
92636
92637
92679
92689
92696
92700
92703
92705
92716
92718
92728
92750
92796
92801
92814
92822
92829
92838
92857
92866
92880
92888
92897
92897
92906
92909
92922
92934
92940
92943
92956
92967
92979
92982
92986
92993
93022
93043
93044
93061
93088
93104
93107
93115
93117
93122
93144
93148
93148
93151
93152
93153
93159
93179
93182
93191
93193
93196
93199
93231
93233
93242
93254
93254
93270
93270
93276
93292
93296
93301
93302
93302
93310
93310
93322
93323
93324
93325
93335
93343
93362
93367
93373
93373
93377
93390
93397
93397
93399
93399
93413
93426
93431
93437
93437
93458
93459
93461
93470
93485
93516
93520
93528
93544
93556
93556
93565
93570
93576
93578
93616
93624
93628
93629
93631
93645
93656
93680
93687
93704
93707
93709
93711
93726
93734
93735
93736
93743
93744
93746
93748
93757
93764
93767
93769
93782
93782
93785
93809
93811
93817
93830
93836
93853
93856
93862
93865
93868
93868
93875
93896
93909
93910
93915
93947
93947
93959
93971
93990
94031
94032
94041
94050
94054
94066
94071
94091
94120
94134
94134
94136
94158
94164
94179
94181
94182
94202
94209
94209
94214
94215
94216
94218
94221
94243
94244
94245
94253
94271
94278
94298
94301
94314
94323
94330
94333
94364
94365
94372
94388
94396
94397
94409
94416
94421
94433
94434
94442
94473
94476
94487
94492
94519
94535
94542
94551
94573
94583
94592
94608
94612
94615
94623
94640
94642
94645
94646
94657
94657
94684
94689
94692
94700
94702
94705
94718
94733
94735
94741
94745
94746
94749
94754
94770
94781
94783
94788
94790
94802
94838
94841
94856
94868
94870
94871
94872
94878
94880
94892
94895
94901
94903
94908
94911
94914
94916
94918
94938
94965
94966
94978
94991
94998
95013
95014
95018
95044
95046
95050
95056
95074
95083
95089
95104
95109
95157
95166
95170
95197
95205
95207
95208
95262
95269
95274
95274
95280
95281
95283
95284
95303
95304
95328
95329
95335
95345
95350
95354
95377
95383
95389
95420
95427
95451
95462
95471
95489
95510
95515
95536
95547
95557
95558
95571
95594
95595
95625
95633
95640
95645
95660
95660
95666
95684
95698
95713
95720
95720
95730
95751
95758
95762
95763
95768
95799
95807
95822
95824
95834
95835
95850
95857
95892
95898
95900
95917
95926
95954
95982
95995
95997
96007
96010
96022
96042
96056
96057
96060
96083
96084
96106
96123
96128
96144
96145
96147
96160
96161
96165
96166
96175
96177
96185
96190
96205
96250
96257
96270
96274
96299
96302
96304
96322
96328
96330
96343
96355
96379
96390
96396
96398
96408
96416
96429
96431
96433
96459
96478
96482
96485
96485
96497
96501
96510
96522
96522
96525
96531
96568
96568
96570
96574
96582
96587
96596
96600
96603
96613
96618
96623
96629
96630
96630
96646
96650
96651
96652
96669
96684
96691
96691
96701
96723
96741
96751
96763
96786
96842
96849
96856
96858
96862
96867
96867
96876
96883
96900
96901
96903
96903
96915
96931
96949
96958
96963
96975
96976
96985
96986
96997
96998
97002
97004
97009
97011
97017
97029
97033
97040
97060
97075
97113
97127
97130
97136
97142
97147
97161
97171
97190
97192
97194
97204
97217
97222
97222
97234
97245
97254
97258
97268
97315
97322
97326
97339
97339
97344
97356
97360
97393
97404
97420
97431
97433
97451
97466
97470
97488
97500
97506
97542
97550
97563
97572
97577
97583
97584
97607
97610
97610
97612
97633
97635
97638
97639
97669
97679
97680
97697
97710
97715
97740
97742
97746
97746
97754
97764
97794
97806
97817
97829
97860
97861
97862
97876
97886
97888
97891
97920
97932
97943
97951
97959
97972
97974
97979
97995
98043
98048
98052
98080
98094
98100
98101
98104
98119
98128
98134
98142
98147
98149
98151
98169
98196
98213
98216
98220
98225
98227
98231
98232
98248
98253
98262
98269
98275
98278
98288
98294
98297
98300
98310
98313
98320
98362
98374
98384
98390
98392
98404
98404
98410
98415
98419
98429
98488
98492
98503
98507
98526
98527
98534
98541
98541
98543
98543
98607
98638
98655
98660
98661
98668
98670
98712
98717
98723
98733
98734
98738
98742
98743
98744
98753
98761
98768
98781
98784
98785
98802
98809
98812
98817
98822
98827
98828
98833
98838
98850
98878
98881
98882
98897
98911
98914
98921
98922
98931
98934
98954
98955
98970
98994
99043
99044
99047
99053
99060
99077
99092
99109
99111
99112
99131
99134
99143
99148
99151
99180
99186
99198
99222
99229
99230
99232
99232
99235
99235
99235
99240
99249
99250
99265
99265
99274
99296
99319
99346
99361
99412
99450
99477
99509
99533
99534
99546
99565
99567
99574
99578
99583
99588
99590
99591
99617
99619
99620
99632
99634
99634
99645
99683
99692
99697
99699
99718
99718
99730
99740
99776
99793
99822
99822
99825
99844
99854
99884
99884
99887
99893
99905
99924
99929
99942
99943
99955
99957
99963
99966
99966
99971
99981
99986
99998
