50323
14977
56556
75440
99678
76561
45948
3376
4485
63061
87460
88309
4579
91389
49756
57243
36416
67754
69754
9794
20547
83769
32635
41139
31378
39741
44602
92746
55847
76781
56146
17334
20014
25977
64942
11818
17340
20298
81646
54942
72492
60185
57086
57041
72892
82831
30664
9547
10433
45002
5951
53741
44326
84203
29971
62954
20393
19992
37915
88892
56491
47689
82074
45913
98489
76312
96282
74896
29610
70395
6531
76204
10360
20304
44798
30123
85847
77063
18554
35438
77535
3735
83589
63485
77050
36133
47258
83633
41976
15806
74926
50065
96825
56976
43163
33717
47885
44356
25037
82584
17252
82848
87464
14379
98904
60242
1449
16530
23289
64018
89
56108
25987
42603
58590
10430
29308
71824
89115
93583
68162
7932
68271
85802
37905
7983
75846
17181
13451
46006
73706
56213
348
47739
60330
14137
62522
47588
21503
37225
41668
89025
36251
43339
55083
39666
40133
97846
28915
32643
14890
62715
52733
18011
5654
11791
60826
4348
17689
93946
8175
3325
42348
14444
96593
19615
6229
43087
13461
51754
89101
58701
54893
34524
13878
77319
1118
58220
61620
46062
4368
18718
37031
65838
1768
62919
95524
74781
84193
59088
95310
14865
34342
22360
6055
71546
64000
69483
1608
79006
15505
1637
61471
57760
81141
55599
46462
13374
42911
45803
73115
49116
99274
82588
13153
76807
36395
10135
20490
76869
90102
23431
98347
56608
66046
56143
90817
15169
61062
95705
32520
5821
39766
39745
24296
85369
46496
27967
68748
96679
69193
87583
94672
54509
24457
94848
33847
30432
15919
96740
26868
15632
27670
97309
33056
58502
13991
75721
56452
41321
67610
37011
55396
71446
52888
82508
46301
61386
69480
83112
37875
24656
55771
4656
53211
64234
71986
55520
43040
90795
95575
29675
79388
27905
99473
96615
87018
73805
78267
57642
79014
33758
23856
55035
92927
10010
87952
97310
28530
22580
99327
92672
2784
28470
30932
53664
13852
11091
40867
51003
82266
44831
39717
75060
41933
97265
45178
88607
71476
472
27431
57502
7953
8741
40657
96651
25603
72939
97565
73785
50471
17080
37820
59610
45903
68902
65737
35520
9814
83685
8843
3191
50576
47989
38341
20671
49210
1731
67916
76050
68651
61593
92169
92276
99581
57728
51815
55721
56162
68176
52698
47924
83157
82236
49604
12174
23570
76324
16770
70393
72478
148
58986
87250
5554
38203
36663
88348
4019
31842
59907
26140
35861
85053
70988
2690
57491
34310
39772
28895
20322
23212
51771
36168
46349
97122
80056
45124
57891
13120
29469
2609
46145
12969
69825
28273
36726
66213
40809
91399
80248
27720
14744
31115
84412
23441
7586
31281
74882
16307
13518
71705
62207
92366
93630
51795
56655
56571
12716
88046
58540
89350
71878
91586
9090
94003
85186
27783
40075
37865
25227
70118
99712
71884
52294
25779
21569
29430
5998
46826
44177
37921
22198
66345
74551
37849
99224
73813
68032
95254
91192
91704
91046
17946
65864
59918
11448
26168
9686
27532
79629
36988
89533
86111
54445
82089
970
69179
93735
58280
50023
70306
18005
4489
94181
63481
70523
57003
95859
50140
35274
39838
71952
22530
80310
43275
58810
96158
21852
34304
51815
45414
8182
11379
26020
97426
9524
49851
47627
77492
67448
44924
24555
63121
11259
39981
10530
93828
56831
94163
36905
32692
68953
1334
77094
35022
83337
49546
47305
1269
23934
661
90618
26617
92984
37997
89073
89583
44234
34345
67081
60094
39395
44236
11557
10238
22442
89929
86193
66268
23952
32041
57562
37856
44206
5907
51558
94448
60730
2141
97288
33248
29390
65681
49291
21983
96407
31519
49570
47733
98902
45902
51937
16262
66036
64123
19517
59882
78782
18824
31493
52660
78461
18793
11796
18313
26913
92291
57409
19797
92567
36256
89953
45509
22432
54792
13517
83332
3305
60701
76159
32058
69656
81301
61611
94468
89030
95612
51380
59997
72223
4907
83495
43970
66038
60366
30893
69557
99381
62837
50510
29063
49098
17742
98122
81460
94340
84149
75047
79729
88538
15280
38897
24275
60001
60418
90848
16273
59992
70245
74266
41458
4923
64599
14904
65622
94621
56829
58621
40033
88289
75501
80264
78262
41309
97978
51896
48616
90332
13141
909
19128
2273
64151
96675
87413
74360
56708
27860
69760
17879
49178
4349
38518
15512
92630
30720
88317
46205
56462
616
78390
38285
39615
20181
40220
32995
62167
89670
61933
98028
79322
46203
66923
61556
89149
92212
41783
2136
63424
96606
73687
36603
68074
23351
23721
93364
16367
39773
51698
84541
23007
31837
39468
85572
20261
35144
36385
70291
24985
52791
67962
14846
45225
25609
32254
11070
21919
80817
10562
16184
75276
2361
42786
31658
39963
29110
18386
22473
11531
14279
1989
65789
82909
49423
68937
42128
23458
68724
14529
3851
2997
40178
97655
83578
14993
18779
82029
46797
77595
61845
53958
96591
21136
55655
42228
19865
28773
32413
50935
30249
11157
54520
24267
41694
86292
83365
13719
58637
9076
81428
60827
69779
87314
44001
80905
85787
61573
66886
44396
77277
32860
40403
73834
28461
21874
74889
82461
55379
79315
71694
45132
67954
14593
49125
26198
3855
64121
64743
36740
68793
60430
61931
12630
96914
97705
55880
94307
51055
68026
57399
31106
8471
80148
43837
87086
21592
13624
13852
30080
9026
64012
33908
83489
68537
7586
23907
81364
22688
5177
19757
93300
65293
20393
87917
51054
20241
57496
8135
96407
668
74526
24032
69935
70908
51002
18382
62130
721
64831
76003
95233
92007
18474
12962
65065
51038
45918
61791
68348
22850
28631
28769
32244
65438
89444
17975
84357
17514
44531
42735
91693
66027
43353
37731
12661
66236
12953
89540
80668
89666
88886
29713
90247
81171
48740
46043
84869
2712
61775
84988
88890
99073
760
16240
47731
4610
26173
48511
13196
44122
55402
82764
25747
21350
72193
79552
84976
73066
42580
83833
78783
8617
93374
27900
96037
37068
5813
36954
54684
2206
44802
46179
35371
16890
3532
19461
15792
76672
71737
19844
24123
57252
67516
35431
19437
30070
89730
68075
13525
61405
85449
44872
28373
88457
26183
73064
51702
26202
73088
32386
83295
42990
54232
9918
10965
23289
13947
92319
30095
1638
89424
44499
95678
87267
15477
93516
73587
73826
44800
77046
72977
46638
11178
1987
78332
97678
85099
7948
85380
52148
63690
6582
21064
29564
72272
47497
86728
50000
35144
96478
2205
55540
78699
20845
24130
25161
8233
99672
77070
64872
66287
72600
81757
63670
83528
78365
89418
68943
67482
87435
54621
90873
34320
71245
2137
74670
26948
21155
22169
41798
94583
20661
44146
79083
74952
64840
37919
39205
56452
84399
57665
53544
49627
43002
40814
93188
21038
63805
58819
95206
46312
91747
77889
55141
55052
13426
3797
17510
50905
66589
28709
38345
23638
67578
13681
51850
63548
41737
9093
41661
91535
30215
89717
24356
20048
47971
18427
71449
63629
46956
94006
41284
81594
94371
80196
89341
97242
38785
3019
66042
82757
37768
92600
50222
93023
75039
49568
95861
23588
47164
72243
8006
19571
63276
47299
19008
30666
32192
78454
56068
14316
11263
53520
78515
77974
11115
94291
40516
52523
57251
70222
5078
34061
95059
62732
29688
71046
35988
69555
63627
39832
72777
98897
16657
52405
49201
66105
2642
13727
51347
45635
3705
23023
22179
99346
76859
89853
45408
25356
88269
56322
16177
98904
68909
48336
37233
8649
2595
18910
88922
62664
21427
11619
48731
98005
65151
31297
90967
19778
80762
67430
51223
42127
72979
65631
25879
82379
11362
62342
96357
97496
74372
79402
17600
34728
97084
36579
49758
15985
53968
65500
60851
27556
52250
55651
34724
19465
72759
25967
51727
63392
28878
92587
69952
60156
39155
480
68803
98011
9452
81355
90195
52298
25282
98436
50168
9830
34651
78683
2100
38186
51040
19385
37459
91340
19232
15047
64278
40894
12043
95813
21428
97741
2505
2951
366
44911
69217
4517
23357
25287
26958
69347
5284
93809
99989
49568
18164
38365
23843
20445
15539
12212
24115
80299
214
74391
72260
33051
60127
44290
71981
92514
66637
80586
39141
52320
34527
74421
59043
22646
21028
63780
67767
35172
16953
80054
32470
89398
52735
60069
1462
51559
40959
78404
54001
39359
37902
66618
52132
30967
80904
19852
48030
54900
72367
91154
78901
56435
38776
87310
81464
45681
28480
58056
25616
98238
10505
14164
72013
99002
75842
29382
60252
49229
91864
71914
65556
60208
41511
45815
45449
91420
96282
5593
11923
78796
887
74533
71424
34071
83381
15510
48578
75793
10746
55695
69109
31158
65047
61886
30075
11667
77843
29546
3934
92909
20254
63652
67547
41157
82655
79906
58651
47580
94071
28505
89954
50708
40704
10854
98038
85829
9741
49127
70276
14880
90338
97384
16173
78453
69246
16471
45735
35627
82396
24345
23356
47590
47354
31697
39507
91882
1323
26016
77375
40451
58098
74084
86598
7822
86145
91087
89148
28197
11624
42538
62687
72900
33086
16697
1870
19241
61842
77324
95059
91805
29526
61705
28369
66062
14098
13230
19447
95015
1806
41911
97576
33649
50616
5317
88878
3743
8281
72736
59296
34860
60176
43713
36132
44734
30117
11973
50020
72781
50676
17505
54766
27095
81539
77749
66703
67160
71686
42539
10337
51212
96730
17529
135
50159
53568
89823
90911
70723
62859
89155
59859
565
43524
40054
61530
79793
64132
26486
98241
57943
31390
65599
60733
26522
94768
24687
39552
92618
99482
21434
40260
3224
30412
59223
87505
33582
7093
58031
34760
13013
12477
32548
60572
55545
53178
32634
69023
45853
27159
10976
14697
22905
88493
88038
61774
54680
74704
1384
35837
58350
66320
28528
74241
90713
67280
93830
41956
4582
61808
34874
10849
54318
62259
28070
55367
69033
21674
91190
81563
15235
76451
29391
25312
4755
37294
79159
37236
46777
586
15457
17685
66452
11394
68499
171
88314
68166
16252
79546
22105
63941
42755
54997
28317
92483
67692
92597
65455
44097
25274
53535
40807
39096
58719
85976
24156
42268
31501
70355
79511
69187
43328
26169
61004
94135
75946
19792
90755
59184
26490
26986
84318
9949
19674
4019
4089
16491
79635
68973
50209
4263
24298
35659
54119
24994
41933
27720
54774
76307
66263
55558
49258
32348
78959
75247
43996
21586
52462
23657
99450
81801
92402
72480
58536
18512
99640
11239
21883
73679
91871
8383
19779
5651
43258
31013
28001
24449
67766
9020
25349
25937
11836
72893
22353
95765
56038
22514
30253
98479
65225
74249
66107
3173
47831
40719
14762
29823
88426
77129
75093
21796
26276
9478
43388
65602
37533
65270
19026
71340
99753
84733
17268
19019
21301
90385
76860
89626
24011
54493
42283
88475
20966
28054
2088
79168
22964
51799
91816
50049
68932
14880
95499
11701
95019
34943
38677
12291
24200
19978
56502
35864
23089
91145
89725
53874
42006
65261
1862
70310
12097
14979
39856
76410
53940
26228
795
15804
5866
1727
29145
36674
48759
24545
64531
72763
42704
90535
7828
89508
14606
82110
6975
5244
77346
69297
2870
71128
17618
82014
99195
70107
83449
93205
65788
58924
48103
91190
73508
41424
45543
98700
96587
13012
28180
88223
93561
72845
26613
94940
51715
57640
66941
22716
17666
47365
3169
12982
6836
44224
9288
44589
67050
8418
68525
53987
16207
13390
33137
31515
62956
51451
17698
69356
64429
39040
8425
66611
81775
41272
59443
36155
6536
74167
97624
55272
74523
13591
18968
27320
35827
6645
49324
9281
72154
28736
15184
13864
88763
35492
4149
24122
24939
11405
3155
25257
16386
54984
28623
63747
88035
46257
56928
1789
73692
25618
40766
38505
40734
88462
98980
76338
9856
40455
94267
71751
50323
548
14073
66553
91694
46064
59130
88384
16426
68664
7098
23842
30621
38033
17725
13600
79914
60324
55650
4377
43017
96660
49614
70934
89531
10839
2147
10919
26132
84386
43354
70506
21621
77092
24958
4706
33021
89616
74391
96418
87508
78465
24215
65729
98443
94973
89196
42819
54826
65816
44168
90414
87890
4677
42551
34971
39173
85556
86422
83481
48833
81487
49234
13843
74380
50509
7168
73588
91395
86379
26169
99183
73780
38510
40910
69651
46787
51310
37050
77239
58509
57426
13529
96239
47669
98188
64967
5149
69320
74329
98490
25671
886
40415
46045
2650
57443
25877
47895
98082
18929
38417
55233
10718
53467
16917
23330
11493
77895
65162
2038
4746
87609
64399
69734
13538
98312
79081
44648
55750
48299
50682
90113
78923
60920
31152
54687
30166
5261
98400
62808
52396
5012
68901
43369
99011
40783
81935
32001
51879
8781
80662
28858
47726
33472
62426
82424
30934
13961
72327
60798
59654
32165
43027
98706
41277
16587
85129
10853
10408
40099
55793
62841
79386
11887
31932
31980
60403
32308
41933
79057
90774
48882
95416
36695
83567
24628
20121
51336
84762
13977
95401
91498
64947
4578
90227
74808
36458
21934
90660
85461
78238
6925
92362
3652
54836
69267
83500
62420
99652
76084
74535
42112
22664
7528
91217
51890
11735
22709
62288
25626
58249
22413
92412
52935
40331
78636
15627
72885
57277
99649
6585
22611
41581
58998
31339
21362
90049
12100
35273
65297
73731
12812
95068
16204
20988
63189
11457
51987
5756
7231
2132
27536
41280
58106
1574
12367
61213
42918
21340
31914
56337
30134
88963
91184
42800
82793
19770
66523
19547
65558
86198
62784
56125
73658
38708
64105
36477
90822
63473
15631
24399
41764
4898
63764
98351
45573
6651
14454
93886
6894
88664
34994
66965
87698
33812
34505
37812
78435
59627
70744
53677
21617
72324
18817
81369
68398
88389
16833
23411
11528
12209
74914
93865
9095
99325
92676
20861
71243
7345
74536
47415
46902
36376
94031
20786
10691
82363
88157
91546
86789
48567
8177
46372
96549
89421
5247
17703
96184
14255
68128
75231
19863
29262
63336
48699
29280
62668
70274
19684
70757
40948
42551
25884
30506
36918
48358
12895
13179
42850
12005
48191
18992
9047
17944
23741
27768
9984
69517
14562
72791
29457
70128
3667
55134
69878
4134
80284
79795
61018
17572
33285
56495
6146
22855
69095
39123
84628
81094
72871
73994
26287
30629
64395
74653
35664
66461
67976
43274
98170
58473
16189
2274
94613
87239
16755
73894
23969
65495
29955
35134
84991
42220
73959
3962
93725
32457
87068
39487
67403
3480
4374
69831
94296
27757
71572
59801
32063
6337
96610
77112
18963
38166
27343
28053
53657
70748
86036
8091
2317
50528
77554
24592
72953
94815
27790
73061
95800
56191
1090
73434
14378
72864
53947
95634
49033
13976
72733
48870
40832
68450
68142
57625
68294
22357
29910
56993
28385
3049
75163
69525
640
59963
20309
8731
33669
25477
8846
39368
42196
56574
5234
41151
14658
37231
70632
22615
18504
60242
15012
70364
76693
54808
45975
17993
58372
7528
15056
38079
2689
47238
43856
15271
39272
49203
3441
93338
9524
4375
55291
13573
420
38161
30869
70596
62685
71076
45613
16594
72077
90141
30172
32986
23166
31922
29322
95664
13213
91666
69191
71788
28708
3661
23091
68438
18919
61630
52738
32300
66150
80656
11732
90354
51690
97720
24292
81555
8990
81867
35336
13935
3228
51991
44080
67050
78953
86363
17019
80025
81633
54447
98811
3068
415
40105
5721
61560
23798
69791
9585
57878
27416
19287
31604
17714
52346
98030
32210
14040
16006
11641
74033
73081
55733
7502
396
2110
90030
71122
2070
18200
80399
91186
79093
72180
17406
9651
77551
11326
71338
64946
12699
7746
52253
43419
77917
99019
31330
2343
49339
82785
50149
1670
1481
77954
38948
1314
88385
53823
43541
11537
2332
28446
58846
10897
33486
37269
8324
71379
63135
77985
51829
30606
89484
59266
66993
39408
74962
24216
42098
18567
63920
80644
19862
41528
95287
21965
91995
72673
58408
6403
89954
18433
72195
72147
31889
88858
85611
35989
46617
50226
60309
25790
16949
5302
26720
18886
53514
25250
96355
59302
65379
36318
96214
20035
90501
59297
65149
10584
50815
24374
29602
42632
99782
31898
75071
87126
98563
3827
15759
74575
53148
77352
11778
94015
19349
62423
84649
27898
30760
82146
56729
68503
72133
47898
92082
6263
76604
72744
88583
66907
53549
13753
17894
74154
54659
57773
19237
80281
84183
66771
22983
27696
24677
40731
82193
80222
27354
59599
2630
58350
92156
93652
7913
9655
80202
73880
28139
14469
67293
56519
65158
7758
57093
35152
86582
15560
50245
12798
11315
10650
74583
52304
18607
48116
22170
3369
57259
43503
2594
58317
92842
27280
35671
85407
45936
90392
80923
35244
42825
29928
11515
73616
82281
35919
38202
34650
96414
28620
84107
25347
83856
70755
38427
14470
2820
2071
43370
14921
19120
6311
12224
16516
14535
66364
88954
66889
90010
54095
71328
63350
20409
26432
18912
97008
24509
83887
79560
78486
1882
43147
9923
56648
88724
95887
96913
40087
12693
5426
46396
64971
25392
40698
60622
87990
33189
19692
25230
80813
84234
15800
69304
51066
85301
47106
80199
78295
68022
35016
3574
60944
64151
38091
9134
59297
81610
29122
93072
87132
35783
47193
49139
42364
20954
64468
76355
48271
61870
335
1872
15003
63953
34159
51497
83742
43681
97496
32983
75458
64152
35343
48418
77675
67853
53941
47038
74936
9672
72933
58321
24716
8270
59706
41198
66616
29683
46746
52136
11219
85705
2704
33196
60002
15262
30202
9590
8776
51713
61312
97024
30842
22749
9975
44175
53624
90854
34038
8217
40605
35511
29332
62141
31559
92019
62147
55847
25767
55185
78188
52989
41678
14159
46932
77680
95189
45533
9462
92110
28805
20266
57369
84072
12736
85634
12759
83179
48314
86507
67239
30760
57976
57787
70538
89942
67490
58111
90612
37694
3745
18026
90461
97470
34792
13655
36586
26484
98472
66454
75682
65028
97693
28244
26685
16917
6511
69787
46171
49570
99555
40386
57141
57010
72904
895
75144
21769
88309
25304
19970
96129
66358
45307
80976
14869
41365
22486
60196
99839
72351
82543
18763
35158
20977
31993
30024
11016
47971
32313
75046
32175
60564
97939
918
23103
40314
89869
35110
25340
75455
31997
97402
6895
24864
6840
74270
68375
25748
16635
62773
58936
23308
65697
62520
50190
7156
64734
25326
2521
97684
45241
40478
77907
57913
96452
68494
20162
30890
23562
46760
23877
16634
95810
92032
97703
53717
13109
50138
22770
82581
39109
36672
9961
7095
41808
70862
65037
89228
16032
61685
92945
98427
62604
12553
75996
89049
21307
29013
87711
70627
59294
79043
43087
68243
81830
62301
91275
62681
54870
1206
49225
19910
91673
17156
5041
85246
58106
62664
82017
2493
15838
39048
57771
20238
36094
37681
6549
8680
94185
44453
59576
22874
84460
16141
28167
94725
19090
96613
51129
5494
75821
69546
42930
64740
79095
44411
95075
57099
48337
52597
43008
63428
81411
2853
30904
45440
72690
53541
67258
72642
89402
39607
78763
19785
44060
26665
69658
75112
73704
63341
83598
4241
57369
74408
28113
54206
64034
79777
12920
86081
90873
86989
39229
80206
75919
33970
97828
62147
1261
86853
96963
59338
79179
43618
6484
15282
86347
7958
18885
77730
35081
34747
43704
84373
61221
27607
19529
47445
48464
37623
28737
52258
53702
27067
51854
5136
77762
90717
13436
25883
68604
68851
67538
43483
90239
45922
39449
94430
25051
4319
42248
77669
92012
85556
94951
88961
72588
55226
21245
20659
82283
11603
74566
76526
28422
43420
74168
95357
2192
27454
8332
57072
371
13267
42426
66844
84555
70640
53207
73749
94940
1286
2987
35134
15188
45757
8187
82794
50613
40252
82061
90013
46212
8449
80186
52957
60114
16227
54249
56119
17326
26362
72630
61382
67375
71898
93650
6847
90664
75038
59213
38678
50100
88876
9516
15903
63686
79446
72795
35172
36231
78888
52812
3236
65626
83506
73076
38014
33584
31801
17732
82090
69091
44146
21711
72996
66067
16591
79586
71166
89190
94269
60655
65301
90903
70339
19301
69142
24599
12193
47779
29242
23690
62090
24315
97108
26292
5831
49175
42120
50431
3134
72314
84946
29561
15697
58554
51023
80585
58746
80669
10760
17822
60313
68702
5615
33257
52100
38326
87690
93872
59442
77802
31149
17725
35934
86601
90864
66446
71592
99890
16734
66615
72969
94420
48945
7461
52086
66004
26453
15153
31341
40697
9300
47254
98147
16164
569
91563
7596
27816
84688
52836
20644
7998
12491
79315
655
67023
42991
67829
77221
86507
5033
53107
48643
554
16889
53338
40204
63044
96672
14543
20448
57320
16211
50506
98128
79804
35435
33938
46033
26629
55708
56576
35892
84552
56954
80821
48625
57490
42743
7895
41051
47574
27451
37690
63015
16651
39771
94053
38187
71981
40984
68282
48915
33602
32834
86256
31559
74292
24370
1642
11507
82265
88121
85239
75980
5597
25866
73590
94616
58531
77109
93943
33480
47326
21352
80625
29071
8243
77583
59549
54179
26063
30461
1744
65539
57478
69208
72074
40890
73326
99353
64488
42072
69781
93895
26344
82951
56348
76975
70697
61443
46114
5900
90188
74225
37519
28594
28286
30185
69431
71311
69445
85572
76452
85393
72729
84090
88814
43613
86868
95891
11029
82399
61342
14708
56902
98898
88742
47649
26209
76447
43447
35508
15023
33873
19856
97373
67608
13488
45250
74303
55408
8849
49420
54370
24154
90989
74476
21792
63813
42627
22463
87178
41068
73612
98904
74351
13985
15190
92491
21819
46417
48265
53100
15649
70638
43089
34220
80823
39261
42404
27737
84557
24240
9600
13982
97263
38982
70924
6713
38607
83355
43186
67524
1146
13768
33487
83811
25270
26133
14498
64749
34930
17157
94919
14659
66512
7860
54888
87552
76569
56053
3280
7466
65763
53424
5523
95037
7495
31267
22080
17630
41228
3709
87311
82126
58206
7798
57014
77622
29262
39640
56082
56842
70223
39227
82427
78407
11954
56565
66537
54664
41242
36667
28339
82708
76246
85569
33690
77000
35678
86576
15707
40791
65804
28829
48396
44241
12795
56514
75350
35129
38061
3342
68724
1590
67578
2662
89970
48281
93166
44564
29895
26033
66296
97346
20943
90517
47268
56876
85974
89480
19321
77221
49760
81843
64712
66845
68075
99058
18339
64642
92491
35489
33395
28403
92917
84772
47590
41150
7080
95180
72190
19021
47737
31165
82038
51980
1473
65128
9086
50198
81103
78242
2329
19999
66998
88759
28688
55182
45017
31516
17130
76965
70510
98317
78911
23439
61037
26005
45806
46205
92151
23861
65795
84571
9640
19187
23794
23881
30115
37755
7181
63876
57920
71727
23386
2506
94726
69519
45647
97265
27001
57190
83678
31343
898
24799
99691
779
39014
15387
48773
8506
7361
32060
8889
26461
15098
74685
9508
84830
8167
59228
92015
11692
7640
37031
30896
64199
73669
61837
1898
15946
62348
45434
88220
64196
73708
99006
20994
22388
67149
15028
85198
8873
94646
60147
44987
40634
93029
24032
41801
51689
4005
56918
56961
7607
63438
31885
88739
77888
86731
67392
12757
82548
66024
79427
84190
61682
16230
19849
38832
79528
64316
22688
21099
80904
82974
84744
78583
30406
39680
4142
62860
23254
30451
92366
78789
17884
44382
44719
29784
28966
20447
55246
71059
35809
64254
92481
9258
60507
81956
5869
77195
50633
37151
84006
20070
28505
24581
1504
73975
40214
4608
2904
71920
16381
48477
78940
53162
28614
41195
80625
59949
1064
16420
14033
65416
91406
82983
46564
64855
15868
28760
12971
7526
59801
14663
7180
94338
99790
5091
92601
5981
98682
18150
55082
50481
60842
57323
28931
781
31774
46828
27616
58330
39898
11019
72833
53782
84685
67188
17139
83568
90005
28848
20152
36803
62734
51098
26462
3386
49702
91654
58328
56955
71538
25195
73563
65624
6706
21347
79052
86918
42279
67989
7830
5537
66582
45463
75427
11676
3293
94298
62768
90396
27137
699
87503
12653
51951
92506
32766
92196
31425
97141
93712
79497
83202
11148
58051
5234
29393
46445
99325
27953
69031
38909
66116
92126
41453
7375
81217
55557
93456
59217
20647
60536
81825
45129
46729
73152
1945
26916
74202
40062
64034
79392
39269
97831
12522
54444
15022
28100
70788
47109
42470
41098
31045
20453
35174
20474
49334
87527
65234
12812
83691
16432
34541
1094
89417
49846
10119
50520
56587
75355
74920
45836
75666
57564
77536
77914
53432
79651
11691
82254
94881
65521
16492
60034
14757
12701
97939
46467
5780
74125
14957
42515
82026
22755
55858
52933
19949
60228
78201
32689
8891
27246
90119
97065
10815
63279
6137
64926
89044
121
2769
73956
91766
27549
15885
7394
45714
52364
70313
35935
89926
90954
92196
87019
49235
26763
33894
25553
80682
4266
71636
12061
62677
3148
55728
98404
93439
50429
44477
31285
71333
52092
30103
52605
96719
27972
73077
56919
90271
92463
39119
19775
6029
94495
18307
80264
26717
69662
14445
6753
63194
22048
70246
5544
50259
47234
81362
40157
64486
24538
47294
37448
13814
23385
32341
82866
44899
90244
2524
18578
73929
80647
19527
88726
76185
18222
65390
69738
56007
88916
35370
42876
85511
66346
71591
27285
35239
76644
26346
17427
99276
95839
63448
56838
81550
49113
36364
5217
12519
80839
19919
93831
32453
84667
20002
55852
18715
39891
72160
19387
1855
75330
93651
57045
51416
99191
22988
41739
30961
84784
49755
77118
40653
95347
68325
57141
43389
94659
80428
51906
18749
50855
80959
66967
80693
27668
90409
82445
12719
88034
48139
36357
60608
600
54969
43508
8959
83469
84081
68348
56803
15169
15490
67755
20364
52983
13472
65404
43265
75903
74899
65783
71529
60038
6020
7401
69575
92058
73399
31144
85809
78485
48559
25628
28052
74932
70489
34767
86010
53455
73063
86290
20355
13620
19984
90208
76308
90063
48522
8811
89771
69512
12684
75612
23415
84313
83979
71792
22218
5641
982
28863
30441
45933
85016
77582
24199
37640
74176
99651
6758
33547
57839
75291
61155
26966
80241
90924
29263
66419
92425
17976
62173
92729
90476
99115
25955
93579
5460
20886
47913
91845
16254
50700
70386
21746
57011
83230
81690
85890
69452
43717
8075
49531
14413
94958
18922
21942
62533
31845
38520
20861
83813
28653
54006
72607
28964
12088
28774
17684
89352
31574
68782
33106
30303
60212
16367
73884
5100
25287
13853
86867
59055
69775
9718
23825
17172
26322
83801
78495
42534
1147
75412
2857
76545
25425
89656
62682
98317
7969
66338
16187
78782
92730
60310
81869
59917
7673
17714
68630
80193
99109
53747
16365
11747
72875
36750
72602
30292
56084
91218
87051
54776
68644
14479
83264
23032
8734
98049
61515
30209
58363
89914
96671
84150
47721
93785
93323
82886
76740
20767
38158
64903
85372
35500
61797
74813
50501
35580
67393
83368
97562
85512
68975
9105
12917
35410
22057
42461
10791
46952
91001
13342
90404
12738
52739
80593
7819
53316
74164
35715
20847
21405
78755
51965
74342
69019
93088
80372
45641
45620
30009
51714
22025
34041
73717
82494
12685
83709
91667
63868
79778
73375
40754
29309
61124
82522
70996
74974
26262
98808
43845
89837
44444
45449
98625
32768
99370
32057
49362
11916
92948
96260
6404
62817
98625
50252
88027
1005
87271
36221
88996
543
78589
37922
56974
35735
15883
95336
7964
14389
2247
95760
12911
9871
49724
22017
23250
25002
20656
83523
24307
11234
94901
23760
14803
76621
51081
36652
12569
36676
13924
77805
48960
88077
34416
89393
31110
31982
1865
90011
26611
11158
65077
2335
25390
77715
78300
64473
39838
50815
18874
30551
46645
97484
77968
53636
56688
43454
93572
60609
52603
84989
83159
4492
62479
30879
2515
39081
20292
83494
16152
17243
21509
26810
65404
57632
3489
77998
4242
5100
38757
37165
15236
87381
20272
33984
88616
78114
26078
99581
12406
43219
56135
54090
76859
64171
64024
39664
34283
75199
57639
37699
64103
80156
6100
93392
48038
15877
35606
83215
25248
350
15433
55967
33874
94443
93502
99402
84575
65233
29076
47645
30212
39512
13599
7244
35125
87656
34538
89822
46921
25074
21758
14855
46186
30513
98419
1315
91348
32897
92066
6708
9508
97211
32262
67360
91890
1272
50855
33944
67050
81231
16630
91554
18143
62780
92892
84849
92250
14987
52494
85462
98274
52269
21972
62948
473
34959
21779
31201
82025
78730
13089
4827
85288
2225
80811
74732
30842
16387
11132
96790
31899
53314
18070
48789
17671
90820
8749
62901
56924
83335
45602
87438
46042
58056
62005
58192
76753
12783
85762
8099
5218
68263
20568
60201
6439
59918
50843
70993
58037
187
98645
46393
19861
1483
98775
90276
6295
88311
46021
34255
46611
54595
77191
64947
46044
82360
85906
44972
17109
61323
67599
14767
44686
87080
5582
96961
16476
16981
86835
25380
92322
82136
4650
69653
12387
55995
1276
84861
15460
9483
42667
33526
59643
60454
18280
2606
5800
46920
21714
17186
49420
56406
81704
12117
80319
59696
63021
6097
60421
99222
94065
79558
86638
49636
92830
49146
79206
86361
16600
31230
56916
54810
79885
93115
58550
78153
48645
45029
55041
98399
6764
6548
9646
21915
54308
99670
96129
63853
15615
37602
433
82911
81170
18917
53694
9491
30062
79390
4127
31549
8231
78947
92433
89841
29214
77495
85921
49773
88026
50892
94051
45234
85547
52078
72417
457
5969
26467
55104
82722
1726
94407
67867
19347
78749
1825
33137
74924
82117
74995
69591
23399
13034
67995
95282
59706
17621
60619
14573
58896
92205
51783
72775
55834
27485
59076
33910
41565
68468
50651
39646
55569
47432
52234
34035
23939
86020
28495
23339
83593
78017
92285
92279
27830
25147
45983
31362
27120
82632
16714
40224
71085
12259
21306
23329
71317
41287
45551
39822
1389
1941
50028
70078
63394
75393
69784
23899
16334
99136
94127
52397
52674
91698
70287
85756
42061
40895
11042
61972
69954
43984
7348
61508
12552
52277
65769
23515
48141
89534
42767
57016
50897
2625
68092
20154
10281
13846
21841
11379
60812
40112
54879
16349
73359
70980
92827
28675
33743
13682
51030
56568
37052
99111
75765
70724
97509
70614
34837
34705
33577
31379
33637
29846
96809
47703
46899
29164
22150
91349
64456
52199
64483
69976
72257
46460
78155
88440
83862
88489
63665
49256
40781
69054
89427
57269
16365
63427
82466
95963
45330
96929
79114
5441
37927
70509
7615
59280
42875
77760
93130
1876
98407
43298
89865
96474
7555
31243
22534
34626
42128
22962
78805
77147
69741
62557
33662
48851
50830
11910
15591
72929
46152
90927
59825
61225
35427
75743
58608
72968
69735
19907
85485
788
1465
11540
29010
19971
15407
35858
30945
78448
98439
90821
37626
80682
12294
20308
95153
37506
73202
17775
12011
3703
15253
16148
92035
26976
93002
49491
98308
94796
94371
41732
76869
15103
22893
12110
65287
31601
22421
35358
98145
68025
55621
1587
10133
43575
11024
94250
69937
38710
43091
65983
65774
52826
51427
99174
9990
16424
95186
64977
4066
15359
41826
78380
25863
65782
84630
57651
99195
80379
43300
10317
1760
9958
45463
53505
96417
76139
71017
64341
38491
30164
29743
8243
66826
94214
31109
97818
87569
20187
84483
57126
82155
24491
82847
9725
36344
61576
98999
91268
35449
4197
15590
52731
36096
19534
77772
36911
48575
19653
65866
50754
61657
81218
37149
51785
47412
91412
65155
90805
12400
16637
82493
35485
63065
6922
29579
1235
38013
82393
23799
21579
8380
24644
46536
46431
68861
24820
47719
79476
43083
85512
12426
35688
3459
52424
78279
91840
27127
68984
57897
4898
32293
96232
7528
57826
82740
37655
35298
68157
56037
6238
33052
9120
30030
88870
37624
78150
8769
49493
94536
56595
1217
53072
93727
63042
40128
28244
52933
80831
92602
6589
66662
99876
33351
52429
28338
52627
61485
73072
61438
96417
57138
49382
20738
31281
43627
38169
12914
27016
4084
67752
89994
60482
48657
39947
63454
71197
21676
62644
35963
44477
25085
35573
44556
91825
71304
48840
51732
53620
70649
88587
84811
48804
51599
13482
19249
32768
56384
3483
25988
66418
17484
72812
95990
89532
97630
84367
57200
51086
65689
67463
58165
28210
90135
69710
70509
36765
71022
40217
9615
74927
45747
96550
20564
92457
84334
85362
74646
12246
33820
71170
44872
69538
5430
66674
33469
2337
90559
28823
50487
47209
93770
47491
71261
55870
78109
77755
90225
44092
26949
61608
28614
89115
16729
27944
80036
45227
65142
90895
68674
66859
85319
14586
7499
46515
16357
20004
11115
21474
27269
43551
87893
42259
80211
51622
66567
38638
22522
62319
17601
57443
81317
14620
32160
69060
26531
33831
13685
77951
80860
62517
84070
21839
73216
67444
99922
26432
83766
12649
93798
48330
19746
6664
8144
78024
10346
26803
63492
83680
26340
31587
59382
66588
50362
94073
51593
72390
17087
59868
58055
7008
11501
83659
59472
10573
37970
98279
79552
39689
77943
33646
25769
48149
63781
38679
40070
88761
78401
79487
10221
47342
76574
97518
40227
7366
26198
86324
24868
74549
99255
35926
57937
98346
59652
58748
37771
18228
28507
56790
13324
31441
13727
45000
20084
8182
24549
50575
19744
17464
77533
71310
56779
35898
69056
83369
16820
22193
48503
32518
7815
42829
48890
90362
12452
13381
43468
51489
1039
48983
76932
79440
11960
76235
24854
25550
17822
21022
46196
30050
95248
15836
21441
12237
77546
65504
93826
52248
59796
93100
86628
67849
77422
65241
51813
76392
69418
22939
19770
42981
19661
8420
28364
41108
58739
65421
75037
56134
85438
16482
42801
10500
61288
23568
53879
6682
96703
922
61262
22967
36319
17489
59479
67890
97880
2501
15733
11980
84068
12156
70388
35058
69515
69879
98992
6144
3931
72231
91832
11891
99718
61507
85604
57273
86506
87695
90819
54183
78778
6836
24565
34651
23755
58636
41555
2346
59372
23819
78109
80399
23003
50904
36392
47144
89788
14474
17583
98226
72466
39233
161
94654
79420
24871
72301
49656
8102
73670
28392
51507
76890
7537
49496
15834
97368
69256
80069
68888
68460
54747
4768
9793
76657
62591
76562
34063
54590
80744
41620
70208
91852
81726
17883
57864
41850
56131
26865
86925
81535
63286
76667
9501
81752
39447
71512
77679
20625
94677
72366
32420
27711
83148
82510
64667
38710
91888
75171
4323
7182
13427
64829
31786
72131
51385
21171
45228
84482
82654
92780
80554
88243
4723
63704
70630
64693
18666
81510
47876
11605
73461
23
36778
8306
28157
22125
62164
97341
98679
47862
10060
84797
3103
65460
43896
97431
23248
95229
96976
3650
74592
7227
37502
70401
60338
27668
86991
29861
76263
40475
96512
80016
77420
34175
91117
69435
59037
15950
96104
234
69050
44521
16846
32346
41662
55804
93929
49643
43281
57304
39498
48216
2824
68294
52631
45351
14257
63044
28874
76358
89263
81762
28893
27989
56491
28176
29816
32183
59497
22893
58109
65319
48038
49076
18804
62755
96702
61504
9489
98295
5582
53771
24759
35793
6761
46632
48946
74724
16118
79373
3156
48588
46199
43258
63461
27675
18076
59199
10812
7181
52326
26983
46713
36007
75645
18530
76984
97448
58907
91195
98897
24493
24116
5073
78279
17291
18600
14406
14841
1628
88136
30309
12284
76450
32674
70915
2169
12944
1330
98589
66087
97953
94035
99799
14030
84756
63691
49799
8586
40217
91842
55595
85819
12798
38379
85439
40963
25049
58309
94363
84823
48864
12180
92826
36927
91358
95402
34507
31546
2339
70850
56183
99444
99494
2855
222
99837
61136
73445
59860
95846
52609
15327
48793
10204
2607
63738
11063
53502
90972
47599
94191
52165
60670
36765
20862
67067
62678
39183
59399
42658
50970
61984
15482
17558
58742
44076
53465
22051
47461
46545
31851
95783
34483
59787
83468
60704
42256
64740
33796
81088
73834
82777
8615
98078
76486
5540
49524
77578
21871
8496
32517
72946
26564
82523
54058
8323
51539
8953
63353
22610
2594
46078
640
54821
68141
18538
30903
6630
96145
14553
23768
56556
295
85752
50540
54860
353
77469
65346
3509
38373
927
44196
64501
19552
40129
66830
66222
55895
27457
63425
10157
52073
57389
17275
14465
97806
80043
80892
52975
35676
53097
3153
99972
89720
75831
47892
60481
33844
31179
67511
68261
64824
49806
861
63676
52699
78798
63520
80324
97343
93079
80396
24997
75939
47561
82878
23764
90052
48693
7178
97706
25906
86728
12237
28422
8705
36024
7652
61176
48231
42956
15573
91105
34910
96019
61471
55470
97398
66823
52776
84348
41712
13315
9744
12160
17391
95240
97633
69634
77540
25991
46901
8824
30638
94564
24701
17201
7017
53908
49506
48912
74583
69046
64762
73157
98288
20562
28219
49226
63034
48673
19127
62147
97955
19578
25162
81269
34744
42727
36381
79005
94003
70130
47923
73204
5263
12867
70921
52828
71359
9218
15757
8355
28750
47815
30996
19125
77284
84081
86872
59659
61010
95616
25655
23253
12293
30346
67249
95104
97764
73252
41757
17269
95192
73978
77034
68576
87825
70068
28823
3229
21887
58084
6800
62572
95543
72862
28858
52768
52178
16624
48311
68030
64542
79531
19136
96422
83820
85820
10042
98320
28301
92362
25428
49345
23957
60316
53488
9328
6289
38806
5183
90013
95102
71874
76450
16475
56284
84789
857
71920
89525
9335
7165
12760
76844
61629
68587
85010
38923
97723
37392
45954
60285
76434
37326
56863
60925
95894
91512
90092
19168
29635
92071
18469
11392
44357
8276
59670
50567
46389
51575
16895
48434
47426
59062
91692
51714
97008
99608
25249
50825
37031
56859
87924
23858
89873
87948
87812
61649
12436
35806
41386
37493
70102
82569
93812
35027
64197
14965
62850
34359
92203
45764
84105
33749
58326
82041
58761
27139
51559
60780
16124
14684
47573
61004
886
13582
43185
41900
75136
48130
51272
27934
85706
51632
84223
33482
90458
43085
88768
65345
77280
42227
89160
98080
85134
77411
91945
46921
89993
57388
13134
3500
91767
61379
95983
63358
39540
83414
49520
90945
63440
54992
18600
34854
66223
87615
74270
96493
9996
45280
17600
54006
88556
7888
33251
90095
95764
12602
91195
77244
90737
81832
69929
81766
17966
56055
75346
33313
50160
33770
82766
71935
67289
23240
45490
8337
87499
20651
41927
47264
23412
57950
71865
38530
71239
19361
29334
48797
70216
76949
73495
65395
86437
55907
19408
98288
11968
88026
14768
19381
94385
46953
16814
36565
11027
3917
1098
69007
20150
27982
67060
2790
62180
69224
8396
38651
92397
58229
7614
28887
62786
65192
23544
11828
11731
59749
52830
68149
48337
2564
37450
67622
24416
50852
70834
48099
43221
206
56442
45017
31362
40752
61665
35899
5299
39040
39326
95714
47990
53851
61056
794
17301
27997
72296
77702
33480
27294
42893
85782
97874
56714
49951
42925
14496
9952
75506
79790
78430
71074
43539
84423
92084
56280
88523
80790
22562
50167
5085
22591
42038
16913
45437
15634
49600
64320
64384
44585
39425
73170
64064
90957
9873
97459
38527
85356
53441
60549
15149
18002
30645
62530
29779
302
69375
7766
63203
8145
4957
15705
70557
59708
75066
41678
95543
82595
22327
66330
91541
58448
48887
94126
16997
65723
97297
55865
80504
46365
28371
50848
39783
88286
75821
68765
12822
75103
36219
53177
26472
57447
54195
25903
21393
29532
63332
91466
9307
35403
52970
53500
5389
65826
62113
99580
63159
31286
87951
37490
90577
33997
68301
72035
87303
19517
65855
22479
73848
23798
95435
88757
97010
14048
15585
36121
77861
60933
95904
62207
36926
17914
50397
53222
7238
99406
25944
73814
68344
31248
72912
72672
71190
52101
55745
19662
33740
57769
96584
69499
36263
48906
16026
24023
11567
74290
28092
93146
11180
1305
99778
38884
70372
95650
86240
55173
3260
31966
80372
65323
56539
78221
18223
62911
99516
26575
245
23322
84134
83231
32373
35773
15916
67059
86641
30942
12709
96287
32475
21018
87189
49072
22699
29368
22637
61517
23400
43381
60796
71381
36059
98414
34480
48965
49336
67591
85807
43897
12960
25782
35466
49917
97962
37604
69928
75312
79614
1182
74556
6574
94760
6038
68238
63053
97429
72657
28799
45695
82356
82658
82634
38728
96735
69089
75282
40820
87614
45497
17384
27412
26600
50801
96458
16271
63568
33637
52442
41
70440
94374
34369
9232
95869
45024
59552
25202
95923
14673
86169
84237
45230
4783
24016
52118
97501
5472
18614
26320
66382
61133
55657
25790
24742
7912
49104
82553
38174
21496
29217
30560
60799
55863
44796
95924
89041
53225
55388
5188
10680
4136
71836
32761
94976
64695
72570
25517
47304
15728
18620
98943
47478
46820
61227
68664
24571
29693
2785
73415
15886
5812
72404
48629
77783
68180
36702
30516
81711
9961
35390
47707
93152
82225
12558
55159
89014
14604
32413
8650
7425
98502
58733
91824
1478
38067
60606
44025
44054
22132
69876
83825
75932
61294
92874
75903
72817
35669
95645
5299
3717
25954
22325
3374
26996
50067
97406
61492
75049
86456
84269
57110
9225
8255
57106
3368
26612
46212
73345
86896
72891
73325
42239
83201
33409
87378
16939
98495
58692
83532
49726
60361
34488
44661
23223
67795
70937
68036
85393
89555
36098
80531
63965
14494
33687
83320
85653
91296
67323
58050
41789
55897
42324
18481
50701
20022
79834
50236
75948
1518
87024
70898
71786
45411
15145
41064
72462
26995
57526
64075
90301
13384
99893
52911
58235
81554
61313
69425
72909
87586
68720
56665
65006
29990
47187
87388
8013
95227
10324
46488
93773
46948
73821
91196
88721
1999
2250
15588
78664
57181
37341
82289
4875
65095
66459
31356
31620
48601
94760
99137
28357
63085
48750
87126
67112
25536
32857
46507
16181
12093
69354
2204
26829
98134
44049
91328
38935
42431
27587
96621
41849
80782
80759
56081
27900
25091
89481
5885
52654
78169
134
46280
22795
75981
8926
23804
87098
77465
70096
52250
90327
85262
77793
32690
21068
89941
87446
39394
28999
43161
98602
15733
55201
75057
96238
43401
12269
58764
77391
27636
92896
89236
15226
5152
75843
93936
47802
77763
35908
43611
35523
40845
34280
74091
69551
67561
70336
11762
49650
75909
75718
97348
26354
96597
34636
8443
92949
37375
30993
75123
5750
83728
79987
11893
29237
51632
81502
5153
76963
94168
17942
27124
27176
27130
12404
2939
19180
47364
49665
84955
94529
2380
61792
62837
17392
15549
14966
22839
29344
96981
64997
2477
90755
92290
79166
81491
93308
92067
76111
46047
71814
35462
99023
49541
97666
85909
17511
65630
2733
51931
73962
85399
62691
18487
70155
54358
29632
22680
86712
87758
66406
77059
63800
89059
44998
75089
83779
82878
47734
23699
76602
22215
37050
21414
18133
18745
85047
75580
28511
43115
2646
54345
74775
97056
84330
51217
73691
6375
77377
10839
56925
43147
11574
49538
72569
9387
79844
49800
83192
82142
12289
64053
72739
50690
84266
72725
5143
74505
2086
17936
58003
97155
95542
84635
83344
77240
34474
65465
38253
2310
80364
42852
13194
35297
69242
95731
24388
63749
14710
38309
43252
73072
37549
32454
74637
10896
90123
28997
25207
5344
64031
20312
38616
37039
67981
42030
43674
46352
91056
47283
24379
8110
9411
20763
85424
33741
22931
59362
83717
67554
68235
31606
66549
50879
77157
75274
40994
48872
52301
85759
60053
29117
88993
55237
78242
79087
17241
97624
79295
7389
56249
71308
39853
87010
80006
35129
66095
90728
81660
65485
13434
35786
24728
36440
34183
8285
90285
20122
6441
26276
16648
81125
50440
74349
52715
49646
25927
81148
18616
78080
49025
62536
35516
4426
50469
71162
51416
92629
51488
91618
28090
83752
30036
25285
61912
95345
45503
69098
56965
63243
33437
38257
73922
56055
36490
38517
21712
57724
72960
26608
73180
78322
33330
47463
4725
46739
62601
54523
77963
35444
38124
32175
19187
63824
61711
79286
23174
10072
99655
37485
74556
94574
53830
47431
9637
82579
78597
39610
38336
97903
69999
51625
43236
44652
91538
62801
81235
41565
97745
12003
69832
26863
8432
36856
86161
81725
73650
86810
48172
35825
19711
88142
97475
70792
32318
98445
44982
54478
75349
53961
24636
49127
41042
13638
26320
4942
23943
84099
4535
96391
19898
37790
54661
335
84307
32947
16917
89354
96035
96476
1901
11870
7199
74734
97747
27917
16683
20646
39711
34392
99399
40058
66975
86361
55287
52641
69169
26296
8309
80564
44001
91023
52907
63385
84600
2412
2060
11062
97989
46887
78333
86013
25436
9406
35497
70707
13021
97147
75950
36483
40646
48864
54577
959
14237
56635
35037
30173
92856
38893
12052
90658
65348
41333
54369
40303
57180
35013
3582
89850
13033
81939
37900
48306
19353
6151
93181
87109
29032
14722
21558
41470
96208
74479
13001
12225
69662
3041
89204
77964
18083
11963
22642
83627
65962
16256
67919
22453
38567
65214
9189
54525
45438
96275
66472
45579
34672
54853
63006
81121
17473
12647
20685
30688
82110
95694
72163
37202
53702
77923
63865
59511
82064
58569
12307
12174
47874
53160
42212
36093
96023
34083
88713
23029
39547
5720
46662
56489
91649
48684
91296
58248
1230
5458
34091
97179
76157
40244
36498
55146
77809
17193
6152
70008
94940
88801
56573
54216
64314
73425
88805
31006
99060
56475
31242
66578
68764
68516
89993
23616
60819
79895
46729
74495
18364
47481
4488
14529
12364
73506
45581
64757
45490
77590
51127
69736
47606
55022
14997
31298
83358
41873
24411
61906
6988
15079
16846
27177
55364
50475
49293
94553
66172
61494
96509
12284
94181
37222
31165
6808
70522
42286
30067
51467
48493
41298
5057
446
16512
165
97859
72657
86117
88382
18177
22607
30986
29910
9089
27252
53406
2828
50817
93750
10039
16428
7797
20425
59621
96916
99198
30600
3752
23186
14639
12037
57169
68244
65708
13887
29521
90055
48723
95208
60744
10102
20349
7825
73467
40117
24801
22278
19045
32050
5296
55236
7419
30578
31743
41017
4228
24361
57349
99346
99239
85457
30704
68695
3530
95434
36384
66631
21656
81305
74149
43222
74693
19109
24463
65570
78984
70671
26878
66572
65882
45271
98904
39344
41703
15237
5243
66659
29165
14095
86575
64204
82185
51293
34828
55693
85424
56537
22535
33868
42683
75032
24356
69396
75388
89186
55025
60280
2725
63848
37503
27280
64486
93910
97542
43861
40441
2259
18100
35634
38516
73862
14117
39260
91328
17498
8941
73711
35268
80146
64139
61662
6457
25335
2816
86596
58659
94675
42570
72458
20460
75338
4480
7972
43461
12060
67215
92546
986
20668
94986
42387
27605
72468
18908
81941
49731
79269
39456
51201
33621
95965
30362
60473
62629
45159
787
2227
8833
64698
41842
85378
95323
33421
72636
31215
94943
61956
43312
56826
87090
4692
21708
26716
73257
25376
20591
3472
53684
39735
71209
73339
28274
517
25754
3803
53156
5923
57421
92127
53376
45506
45536
65706
59309
6532
62364
73708
4490
77712
67343
99759
20078
97126
39244
36610
60876
59716
57534
73961
71752
24976
431
4799
21285
9604
39336
5184
12574
2957
34615
24241
76532
72623
52654
88368
44300
26180
47405
65154
8574
55856
74478
84844
62343
97311
36797
16905
77894
6762
68693
78025
79645
48385
14342
66226
14032
45653
25413
42354
26474
66999
16927
70367
91637
67090
91178
55748
59214
25196
69322
62529
95264
49425
37397
87219
31937
89925
46960
65052
41807
7513
50870
66024
51343
42745
89879
68723
63727
58357
31885
26233
86754
73281
45436
75084
31138
4210
95999
96046
84451
77621
87046
47634
11232
21361
50389
72886
91834
41595
5561
8279
75026
77992
44011
39896
8953
20005
65658
69315
49979
27873
24821
22999
9374
59113
34517
89771
76051
24187
65675
54199
88894
39114
57223
35838
87350
61207
96304
52886
34819
11346
5003
43239
52484
6847
90229
30975
28449
76715
23642
17318
28172
44495
65555
39991
76668
34802
72723
55303
75246
36718
76663
41784
84786
12707
51177
10309
42457
77520
99265
34416
48247
77915
65725
1788
28751
14797
43696
17030
10282
67723
70043
81342
9086
55921
98084
88016
13523
89016
26192
45333
25209
53167
51536
20499
78711
33232
47908
15045
21450
14137
79422
75331
98635
13015
36527
46609
79704
8058
26949
12480
90320
43555
4711
67104
53702
88803
97315
44020
65973
18444
85856
18108
13195
81046
4233
48541
264
66544
19525
13381
17193
77160
48845
656
58979
30014
31681
79389
60680
24786
7471
82670
5324
30620
73945
80872
84110
21117
35976
84755
29696
1526
89571
39598
96764
65263
75768
46192
2644
87444
53731
30230
97551
66844
92437
13286
29195
62803
35197
18974
15203
34582
66050
36064
90227
40043
18911
24395
80024
34753
14446
60700
89283
73315
22889
42719
31787
60958
146
55900
45680
97614
40683
3044
68990
54040
20268
81550
54582
19790
14663
5525
19953
11834
40522
47450
14803
99078
42236
28631
95382
37227
46436
22757
47283
30945
70096
14610
60711
26248
53284
79357
13896
84987
64189
11349
27752
11607
50665
80190
23610
23996
62027
13906
1315
92191
77902
87491
35462
81315
57560
32114
25373
95175
58682
88633
52156
39488
70913
2935
97351
26800
57550
5171
47576
57578
19396
28244
51778
77860
29786
27199
7818
80326
11656
24814
65528
73086
23238
63725
24462
30055
77917
39380
89275
91205
22765
6944
95542
40375
56188
66402
18983
98822
66369
15293
37098
41709
7904
9283
94110
35492
78805
42078
73571
89496
7234
35546
7120
2052
24953
4183
4108
16446
35120
60285
45826
20393
69386
61611
47087
86602
47520
69017
40400
85192
15647
93034
24970
74596
16833
835
24762
95582
1498
60979
47697
99465
68340
57008
75699
41541
12716
51468
1373
51764
64295
85355
67496
26797
85561
89485
22853
72382
95555
4504
7826
2936
74440
31176
9516
83701
1871
10631
64706
22490
58748
20525
4440
8855
67381
70042
76812
35613
41194
3302
69561
36593
87157
79716
1344
6250
92020
68413
73389
73858
91087
50523
30674
56126
10232
92408
11909
6970
27940
14909
38123
98615
98624
75573
39408
10666
20753
65012
4457
83528
16016
3469
59381
33828
5703
67759
25890
29235
66388
68110
22922
70186
81156
70784
46186
68357
74825
34496
34080
89514
19166
92307
64365
98188
76855
59141
61338
24130
49334
19629
69872
96599
8203
8582
969
17334
37941
21687
40170
30181
92543
67187
92777
96931
50491
70023
91232
70704
28497
80988
11442
16801
34207
25685
45952
24558
63844
25696
21869
25946
46030
89074
43187
4094
64360
6494
66903
97490
60529
60385
29274
20341
48145
54083
13865
92550
88431
24832
41021
92119
39041
47285
13568
63277
68374
2148
88966
73276
52314
73819
66723
98797
48057
87679
8094
20590
82720
21936
14864
92253
12670
94049
75504
39722
60246
48645
39067
94150
40159
16986
6270
19539
55491
3230
71723
81467
70081
89738
40082
12459
98197
13239
18241
2273
42568
66150
10106
13240
42780
17923
24760
17681
89714
18506
3020
78719
93151
27555
89763
32285
95598
20901
76210
66369
75525
88451
52055
12466
5601
23252
99508
16138
16918
79520
70729
96692
11915
59677
97381
58166
33055
43019
91383
22920
66399
33836
35772
98955
8070
72235
22328
71980
63503
96306
32353
71961
4498
35560
92320
46344
64709
63647
54177
61167
51342
69505
8017
28899
73995
58708
90554
40862
70901
94320
75192
91408
7649
98843
45187
6825
74603
1360
48922
35148
4275
98422
6645
14763
56506
50716
75633
73845
39424
90512
51791
44517
38407
67165
82504
67585
27997
903
57920
23161
95118
36907
67757
47046
47975
43462
27455
93484
7240
26081
10634
27458
9282
72677
14460
65678
87470
58553
81370
8339
55220
43056
27767
74357
66788
51322
82051
63251
87914
52255
54330
99401
98727
68842
63248
35022
24895
3160
67915
58516
31554
52155
40316
64598
48522
56169
55917
6579
20599
4833
11150
31683
49077
31789
49620
49769
58234
16369
62253
44182
67170
94234
53844
72249
331
35414
52318
40135
13868
70589
36003
62229
27651
5244
1189
53334
81582
46726
61406
36771
92970
12448
38683
89625
11249
52852
70297
641
29173
1855
89624
7181
41219
1470
9692
89772
77244
23751
56674
31275
25670
3992
64367
33461
99586
51354
13351
82067
44521
3426
79446
55807
27443
53698
89081
7728
62639
51012
180
60344
97763
94751
12116
62604
12091
23147
94116
3482
11178
70104
93776
23567
2061
85018
75246
16586
73733
78266
86365
40646
12490
51562
86573
55222
92469
78659
84477
64589
49170
53086
22952
64713
64628
78045
45470
66347
74231
63958
1302
79342
97903
37378
4433
94689
27935
1278
23267
57948
34930
47465
14724
98019
1103
72643
44992
79243
54712
67437
56079
71329
95671
55863
17871
31583
35132
22185
81549
44087
72972
53108
99980
21944
52826
43168
53229
53948
97855
85605
18594
6113
65287
68156
43306
29213
31280
233
14272
26903
84395
90164
64206
76681
26803
47035
46637
71841
19898
99068
43492
13757
82805
82621
51065
15563
99966
94474
50011
75299
51574
27094
14572
29350
53340
4111
76408
61022
13199
69861
49955
79310
36144
11118
72368
97662
85513
41580
6953
86535
82033
15403
92130
22413
35590
83814
58245
72797
7715
88219
93727
74234
31544
80144
3831
27743
8999
34366
17938
70934
33856
81699
91008
49626
52624
39987
43289
90663
88274
2132
56566
81008
82597
15103
40104
37769
45254
30304
82592
97361
22542
92763
72436
9560
15977
56682
44579
50714
1073
26456
75757
67912
19810
97557
24615
56816
89916
20386
96601
39404
7222
83606
55300
9792
83746
54245
19950
3306
62637
79904
33454
8262
69352
75783
59341
44818
4946
63449
64666
59308
60125
74371
43667
27410
94591
4276
9048
93559
64240
38567
67720
91569
13422
73605
37673
80929
3245
66995
89352
3902
11403
48362
56319
34097
59219
8477
56951
52838
42893
26924
71203
37147
21916
97109
14269
99285
28486
9058
66613
11025
40903
3151
42596
33860
76995
14831
52428
84479
54436
40986
72927
5541
32228
78768
6714
96152
10857
11208
44468
42340
48063
93632
12484
90092
3554
44959
65677
82232
61666
46898
12388
46173
44170
97384
25379
82731
42532
45138
48656
167
75941
87587
9993
62842
29403
53140
74682
65972
72984
57825
7245
69170
13703
28747
88045
91046
44398
69206
71143
52481
11162
98279
33814
50808
38180
46292
81016
24254
86810
26538
65847
68014
13326
73984
7657
58046
45792
18962
96123
90217
70803
73805
94516
42685
55261
13104
79885
27803
62564
50722
64144
88009
39656
68903
75116
65344
52349
51615
9692
16740
9057
92861
96911
12665
25974
53627
92859
26400
53085
44505
70626
56588
29625
67125
28598
67480
52786
56813
84409
69587
48601
27358
10047
33173
21707
64987
43717
48509
6808
24134
79746
4942
48694
47854
5728
70657
34123
18254
2071
985
67626
21437
43300
42896
65245
24187
27404
96720
465
52910
82235
83757
78617
33338
18312
80872
15800
43318
83697
75054
14277
97698
58198
2319
2893
21342
21157
63411
3016
21382
67212
43857
37813
83349
21357
74551
96726
73320
83967
56395
30445
43962
90644
24473
60539
70794
89201
78469
13311
46430
44676
74558
99916
43702
19985
40221
28704
96022
84747
36744
84888
81207
47488
78693
48706
63124
46262
81205
49359
4650
45445
3871
78790
37739
80847
62180
68262
67780
18578
89393
54087
18379
74127
78760
24569
6270
17110
61300
1983
52685
86578
83736
32305
98597
25144
61455
33708
74854
11881
48055
35580
33355
36660
10355
36373
81881
36165
99842
4887
3649
93458
12890
91096
19694
72553
5895
26601
40371
40409
94077
55895
20472
25053
92546
56799
206
54040
68603
45251
47231
86666
13962
18861
5763
71572
79029
44132
84165
10483
63384
78696
96895
63874
25761
22957
75754
98613
25819
34402
81405
82910
93236
1926
56904
5052
99003
61767
22953
34697
56989
4909
71090
70608
43663
32976
70560
36519
96620
62720
44723
52587
34631
79556
40300
92461
14241
32372
25047
97169
99874
7011
70978
20430
6428
58688
92027
91300
35344
42630
11371
78032
33510
27632
6979
24571
89663
57593
91564
83769
64140
71337
44552
18843
37702
86821
40261
34067
4141
21737
11960
93596
36405
82092
14059
50772
48246
50320
25869
9398
63909
80865
88641
8330
35293
6275
75971
6918
32724
69718
93558
16116
44939
43935
64042
88224
11261
63511
14625
67317
59071
92965
23575
81531
26497
42934
80465
15866
77227
22391
42282
25915
90906
19036
45464
98330
16719
88116
41588
86600
57027
92399
55635
1304
60541
97619
76136
8688
51783
41085
26271
47084
38432
10548
80105
58976
48172
74227
933
64493
43842
64775
57680
49401
96458
35129
75278
58724
27568
19704
42332
1030
76383
74319
45464
59497
72929
85112
84327
12026
41572
5557
31949
83080
77174
89350
73729
57133
12024
5002
47962
24894
19332
70388
62784
71439
52215
10018
65964
24607
38763
49345
96878
12235
35246
13332
651
72546
58850
33904
85941
70545
95248
96065
61495
43101
99642
91449
72197
28195
37260
69958
13998
80377
18730
92023
51378
65501
96713
76347
92551
57553
2677
67480
21269
82130
91608
4572
68841
88888
38318
78293
8391
8886
6614
94558
87755
14865
29108
8711
6350
3694
49061
8657
92880
59126
14063
56891
41158
18771
53261
48313
81662
14355
9087
5565
28153
24077
94387
78150
24968
64124
28269
52329
46980
78489
50479
37477
5050
34846
5334
97000
71283
17465
77525
86348
79239
47739
37723
28099
43001
97586
6507
29954
41708
24577
75926
71721
20985
19603
21837
10098
39816
51692
75151
11246
2612
47696
15472
95276
32839
94799
38792
6005
89634
44608
3371
87575
98707
90128
72063
68279
46575
38001
25877
3970
57812
70180
1312
10869
99337
89318
28858
97778
93817
97852
30092
11091
75509
82453
79
44140
34651
93789
28657
14891
36909
3230
18719
10244
29923
10103
27134
58930
35351
82216
50380
38357
81405
25992
88501
55250
65255
77609
33682
9711
52999
56964
17255
47174
71595
5470
66865
35474
12730
53456
80737
71317
32420
17016
49063
48875
5947
9097
85724
94315
84195
96720
17992
27021
84671
70173
32911
70719
52792
34652
93408
30882
28728
56312
42365
67284
71634
97779
46567
37263
16931
49568
6795
8945
61945
23539
40367
21936
11200
78095
18722
32801
12339
13744
68167
75687
52839
89758
86271
8419
80983
60652
96318
52726
62333
77796
28140
52232
44681
93235
14973
9972
16988
51292
85434
61331
61933
26439
68378
20906
4670
54298
48838
61731
76435
68188
85379
46706
27375
63329
37235
56014
18746
44628
62261
35948
65212
36888
73625
33013
51465
42616
84521
18645
79985
29482
53198
96584
23477
92587
72411
931
27773
82373
62858
57088
50598
60421
2343
76699
82198
83855
25018
56912
75901
82512
63508
17662
86299
19368
24607
70422
55921
25352
9595
37717
63631
69178
95155
84860
13909
79389
29521
73271
87784
70489
5513
51949
83327
90209
21741
83964
44249
27319
20871
80590
2185
60269
26000
14575
50544
95509
32044
82751
92212
7738
54117
67191
28715
22669
8586
88664
40852
96546
22185
2936
7165
84334
30849
35064
91236
42685
42868
44524
92126
25662
2677
79465
96269
37908
57303
57891
16595
62767
41572
98429
5
46953
66169
65293
90812
22598
78026
47147
56327
92530
21513
11434
91424
54177
51072
20504
95071
48398
44906
32155
6043
58331
59518
68716
29586
81098
38105
15871
54188
27590
3171
2948
94263
72360
66127
60792
26429
8348
61573
35835
96695
34487
6394
85564
69148
21823
62161
23470
25536
49991
67624
38498
85314
83016
36095
67346
48387
30033
11500
10381
51683
7862
34186
58671
18912
12395
9760
25089
39479
50905
96470
147
66457
14757
13990
62451
36760
85032
76106
18118
78286
6510
34206
48712
24733
25005
5873
40813
89378
22826
64777
97817
92784
1021
30239
3973
92184
92532
94399
29651
43868
88829
26099
74808
96474
73021
96245
16232
7040
53385
12930
51549
18007
46023
13252
51561
77298
55079
88106
59367
5161
8848
86429
79724
90417
62781
35485
78525
98867
24320
19214
94721
23628
35574
69753
53115
81694
87583
89238
68203
22016
45850
39063
65855
98433
21053
53762
68647
85848
46531
98797
4417
3951
11600
24957
72797
88995
1563
65588
10729
94800
20257
5733
77665
22632
34862
4739
69213
19274
22950
46274
73248
53065
48653
76829
79770
10662
26084
71204
43312
45946
44649
69216
51791
5622
81349
60307
95028
34876
90220
48484
74494
26119
46136
33303
50165
63958
59136
52129
9896
15841
87972
83359
34618
4532
90911
86876
4926
68132
23050
98282
86702
96673
85239
10356
59007
80077
85151
5693
65586
66635
32451
75688
50102
4486
52400
66844
93165
53166
55050
54384
98108
82967
64740
9669
33265
7423
26136
35758
3310
72762
76800
85255
66056
96426
4518
25089
82242
70540
73377
6404
4406
67864
73756
54566
90735
68285
2372
67089
36200
72835
56707
32213
50802
44943
60245
30768
28379
14427
44731
20161
50137
12390
49879
98091
21602
82067
11861
86610
3456
80962
75499
40073
82972
22827
51834
67068
69987
83378
89324
58115
36176
22128
14028
87693
36230
39397
86983
59639
46484
96718
26421
26630
43773
30016
20604
49154
7008
71725
72022
77949
96644
9848
64491
85358
62273
31667
27561
54466
52170
58737
37357
77649
78136
67679
30112
5396
98735
31859
72894
68649
74852
2333
90533
44260
77231
103
29262
42061
87283
66220
54417
26029
5842
77630
71396
39117
91245
81659
82839
61999
68973
55528
92806
6202
77829
78788
25797
17263
92945
67453
19445
27413
75012
80719
44733
22608
2483
66392
90170
24406
35251
4680
40911
75324
78746
65579
25309
51525
10594
93665
73673
21364
94471
52425
54752
41645
1540
25423
56473
65761
57504
29186
35144
65377
445
70236
68621
55740
55740
5638
82243
53336
36048
759
40795
42296
76496
40030
52004
80067
27488
25654
75857
58545
16063
31303
32817
99413
15921
50540
48556
42274
97147
76069
39456
97974
53459
25693
95133
93657
38759
15312
88594
87346
78638
82621
33442
105
18547
47566
59843
94105
38699
76795
72755
32495
75674
64741
66152
4671
21311
86154
29850
72027
11512
49135
43977
59452
60816
87181
18815
87046
40406
31102
51173
25462
5869
16221
56778
99251
1300
32993
57922
78358
85132
14386
18554
56406
31521
2685
6004
82210
2650
52909
48937
43386
66210
47714
71329
92307
38833
28040
35058
72344
11013
40351
43137
80948
19149
1404
85474
44487
5613
16700
41892
35527
78458
65593
7965
3863
12213
43616
58738
15966
27457
93345
52848
25915
45946
47809
6750
161
83924
57206
67904
39228
20579
9312
22744
12843
41078
34454
3970
35717
7403
19238
62304
96089
63358
34987
51687
5391
68400
80422
70073
59242
53157
42351
97733
147
24102
97693
3678
62295
66598
90140
69471
33092
27238
27745
74491
35237
21620
76488
45835
59771
36166
88669
53648
38378
10263
26022
49125
29958
60989
55339
42146
74570
24361
49174
51892
60840
97130
92775
23860
47633
32065
59375
59330
53737
36237
53848
66618
80658
25148
25177
11125
49668
43651
8554
8732
81023
64441
7098
96201
79876
88863
67025
24729
33927
19529
3724
71337
46688
9855
11178
45896
76269
95395
68869
3432
70901
99877
38604
6255
14672
88182
20115
8324
91854
56009
11788
10178
88167
16892
23603
48944
1350
79963
32383
22540
35133
99374
10396
81081
35079
27935
64088
9377
46920
72678
47735
46052
23466
55737
15549
32320
49432
76860
58113
30823
49450
28337
54582
63961
1783
46406
10057
6527
90964
38760
13526
44779
76764
37540
72801
95002
1804
36704
38286
87742
33625
1626
44558
89069
9273
6031
17110
63459
36639
86219
34093
32548
41864
29727
88313
55042
2586
14008
16376
91198
93651
91452
20451
56296
11135
51279
242
74410
12022
15798
19503
30422
14696
33616
70530
74729
27144
40066
99068
14269
11674
15571
9059
1332
25045
30695
41921
77146
72008
15637
97084
54110
96373
38859
21798
37148
28632
15653
61339
36754
93215
94667
46085
5473
38750
12488
64667
87653
21826
2537
5144
92894
54017
53393
94178
44519
86057
16143
95091
52051
13294
57840
93172
69691
10800
43091
49969
50508
2673
97235
67320
51958
68397
49591
1126
47697
53951
66430
13849
10972
11172
99721
17020
16822
36910
99685
78200
55273
73257
72380
21349
6150
62195
12446
15322
27838
72242
94482
