5
23
41
79
89
103
105
121
134
135
146
147
147
148
161
161
165
167
171
180
187
206
206
214
222
233
234
242
245
264
295
302
331
335
335
348
350
353
366
371
396
415
420
431
433
445
446
457
465
472
473
480
517
543
548
554
565
569
586
600
616
640
640
641
651
655
656
661
668
699
721
759
760
779
781
787
788
794
795
835
857
861
886
886
887
895
898
903
909
918
922
927
931
933
959
969
970
982
985
986
1005
1021
1030
1039
1064
1073
1090
1094
1098
1103
1118
1126
1146
1147
1182
1189
1206
1217
1230
1235
1261
1269
1272
1276
1278
1286
1300
1302
1304
1305
1312
1314
1315
1315
1323
1330
1332
1334
1344
1350
1360
1373
1384
1389
1404
1449
1462
1465
1470
1473
1478
1481
1483
1498
1504
1518
1526
1540
1563
1574
1587
1590
1608
1626
1628
1637
1638
1642
1670
1726
1727
1731
1744
1760
1768
1783
1788
1789
1804
1806
1825
1855
1855
1862
1865
1870
1871
1872
1876
1882
1898
1901
1926
1941
1945
1983
1987
1989
1999
2038
2052
2060
2061
2070
2071
2071
2086
2088
2100
2110
2132
2132
2136
2137
2141
2147
2148
2169
2185
2192
2204
2205
2206
2225
2227
2247
2250
2259
2273
2273
2274
2310
2317
2319
2329
2332
2333
2335
2337
2339
2343
2343
2346
2361
2372
2380
2412
2477
2483
2493
2501
2505
2506
2515
2521
2524
2537
2564
2586
2594
2594
2595
2606
2607
2609
2612
2625
2630
2642
2644
2646
2650
2650
2662
2673
2677
2677
2685
2689
2690
2704
2712
2725
2733
2769
2784
2785
2790
2816
2820
2824
2828
2853
2855
2857
2870
2893
2904
2935
2936
2936
2939
2948
2951
2957
2987
2997
3016
3019
3020
3041
3044
3049
3068
3103
3134
3148
3151
3153
3155
3156
3160
3169
3171
3173
3191
3224
3228
3229
3230
3230
3236
3245
3260
3280
3293
3302
3305
3306
3310
3325
3342
3368
3369
3371
3374
3376
3386
3426
3432
3441
3456
3459
3469
3472
3480
3482
3483
3489
3500
3509
3530
3532
3554
3574
3582
3649
3650
3652
3661
3667
3678
3694
3703
3705
3709
3717
3724
3735
3743
3745
3752
3797
3803
3827
3831
3851
3855
3863
3871
3902
3917
3931
3934
3951
3962
3970
3970
3973
3992
4005
4019
4019
4066
4084
4089
4094
4108
4111
4127
4134
4136
4141
4142
4149
4183
4197
4210
4228
4233
4241
4242
4263
4266
4275
4276
4319
4323
4348
4349
4368
4374
4375
4377
4406
4417
4426
4433
4440
4457
4480
4485
4486
4488
4489
4490
4492
4498
4504
4517
4518
4532
4535
4572
4578
4579
4582
4608
4610
4650
4650
4656
4670
4671
4677
4680
4692
4706
4711
4723
4725
4739
4746
4755
4768
4783
4799
4827
4833
4875
4887
4898
4898
4907
4909
4923
4926
4942
4942
4946
4957
5002
5003
5012
5033
5041
5050
5052
5057
5073
5078
5085
5091
5100
5100
5136
5143
5144
5149
5152
5153
5161
5171
5177
5183
5184
5188
5217
5218
5234
5234
5243
5244
5244
5247
5261
5263
5284
5296
5299
5299
5302
5317
5324
5334
5344
5389
5391
5396
5426
5430
5441
5458
5460
5470
5472
5473
5494
5513
5523
5525
5537
5540
5541
5544
5554
5557
5561
5565
5582
5582
5593
5597
5601
5613
5615
5622
5638
5641
5651
5654
5693
5703
5720
5721
5728
5733
5750
5756
5763
5780
5800
5812
5813
5821
5831
5842
5866
5869
5869
5873
5885
5895
5900
5907
5923
5947
5951
5969
5981
5998
6004
6005
6020
6029
6031
6038
6043
6055
6097
6100
6113
6137
6144
6146
6150
6151
6152
6202
6229
6238
6250
6255
6263
6270
6270
6275
6289
6295
6311
6337
6350
6375
6394
6403
6404
6404
6428
6439
6441
6457
6484
6494
6507
6510
6511
6527
6531
6532
6536
6548
6549
6574
6579
6582
6585
6589
6614
6630
6645
6645
6651
6664
6682
6706
6708
6713
6714
6750
6753
6758
6761
6762
6764
6795
6800
6808
6808
6825
6836
6836
6840
6847
6847
6894
6895
6918
6922
6925
6944
6953
6970
6975
6979
6988
7008
7008
7011
7017
7040
7080
7093
7095
7098
7098
7120
7156
7165
7165
7168
7178
7180
7181
7181
7181
7182
7199
7222
7227
7231
7234
7238
7240
7244
7245
7345
7348
7361
7366
7375
7389
7394
7401
7403
7419
7423
7425
7461
7466
7471
7495
7499
7502
7513
7526
7528
7528
7528
7537
7555
7586
7586
7596
7607
7614
7615
7640
7649
7652
7657
7673
7715
7728
7738
7746
7758
7766
7797
7798
7815
7818
7819
7822
7825
7826
7828
7830
7860
7862
7888
7895
7904
7912
7913
7932
7948
7953
7958
7964
7965
7969
7972
7983
7998
8006
8013
8017
8058
8070
8075
8091
8094
8099
8102
8110
8135
8144
8145
8167
8175
8177
8182
8182
8187
8203
8217
8231
8233
8243
8243
8255
8262
8270
8276
8279
8281
8285
8306
8309
8323
8324
8324
8330
8332
8337
8339
8348
8355
8380
8383
8391
8396
8418
8419
8420
8425
8432
8443
8449
8471
8477
8496
8506
8554
8574
8582
8586
8586
8615
8617
8649
8650
8657
8680
8688
8705
8711
8731
8732
8734
8741
8749
8769
8776
8781
8811
8824
8833
8843
8846
8848
8849
8855
8873
8886
8889
8891
8926
8941
8945
8953
8953
8959
8990
8999
9020
9026
9047
9048
9057
9058
9059
9076
9086
9086
9087
9089
9090
9093
9095
9097
9105
9120
9134
9189
9218
9225
9232
9258
9273
9281
9282
9283
9288
9300
9307
9312
9328
9335
9374
9377
9387
9398
9406
9411
9452
9462
9478
9483
9489
9491
9501
9508
9508
9516
9516
9524
9524
9547
9560
9585
9590
9595
9600
9604
9615
9637
9640
9646
9651
9655
9669
9672
9686
9692
9692
9711
9718
9725
9741
9744
9760
9792
9793
9794
9814
9830
9848
9855
9856
9871
9873
9896
9918
9923
9949
9952
9958
9961
9961
9972
9975
9984
9990
9993
9996
10010
10018
10039
10042
10047
10057
10060
10072
10098
10102
10103
10106
10119
10133
10135
10157
10178
10204
10221
10232
10238
10244
10263
10281
10282
10309
10317
10324
10337
10346
10355
10356
10360
10381
10396
10408
10430
10433
10483
10500
10505
10530
10548
10562
10573
10584
10594
10631
10634
10650
10662
10666
10680
10691
10718
10729
10746
10760
10791
10800
10812
10815
10839
10839
10849
10853
10854
10857
10869
10896
10897
10919
10965
10972
10976
11013
11016
11019
11024
11025
11027
11029
11042
11062
11063
11070
11091
11091
11115
11115
11118
11125
11132
11135
11148
11150
11157
11158
11162
11172
11178
11178
11178
11180
11200
11208
11219
11232
11234
11239
11246
11249
11259
11261
11263
11315
11326
11346
11349
11362
11371
11379
11379
11392
11394
11403
11405
11434
11442
11448
11457
11493
11500
11501
11507
11512
11515
11528
11531
11537
11540
11557
11567
11574
11600
11603
11605
11607
11619
11624
11641
11656
11667
11674
11676
11691
11692
11701
11731
11732
11735
11747
11762
11778
11788
11791
11796
11818
11828
11834
11836
11861
11870
11881
11887
11891
11893
11909
11910
11915
11916
11923
11954
11960
11960
11963
11968
11973
11980
12003
12005
12011
12022
12024
12026
12037
12043
12052
12060
12061
12088
12091
12093
12097
12100
12110
12116
12117
12156
12160
12174
12174
12180
12193
12209
12212
12213
12224
12225
12235
12237
12237
12246
12259
12269
12284
12284
12289
12291
12293
12294
12307
12339
12364
12367
12387
12388
12390
12395
12400
12404
12406
12426
12436
12446
12448
12452
12459
12466
12477
12480
12484
12488
12490
12491
12519
12522
12552
12553
12558
12569
12574
12602
12630
12647
12649
12653
12661
12665
12670
12684
12685
12693
12699
12701
12707
12709
12716
12716
12719
12730
12736
12738
12757
12759
12760
12783
12795
12798
12798
12812
12812
12822
12843
12867
12890
12895
12911
12914
12917
12920
12930
12944
12953
12960
12962
12969
12971
12982
13001
13012
13013
13015
13021
13033
13034
13089
13104
13109
13120
13134
13141
13153
13179
13194
13195
13196
13199
13213
13230
13239
13240
13252
13267
13286
13294
13311
13315
13324
13326
13332
13342
13351
13374
13381
13381
13384
13390
13422
13426
13427
13434
13436
13451
13461
13472
13482
13488
13517
13518
13523
13525
13526
13529
13538
13568
13573
13582
13591
13599
13600
13620
13624
13638
13655
13681
13682
13685
13703
13719
13727
13727
13744
13753
13757
13768
13814
13843
13846
13849
13852
13852
13853
13864
13865
13868
13878
13887
13896
13906
13909
13924
13935
13947
13961
13962
13976
13977
13982
13985
13990
13991
13998
14008
14028
14030
14032
14033
14040
14048
14059
14063
14073
14095
14098
14117
14137
14137
14159
14164
14237
14241
14255
14257
14269
14269
14272
14277
14279
14316
14342
14355
14378
14379
14386
14389
14406
14413
14427
14444
14445
14446
14454
14460
14465
14469
14470
14474
14479
14494
14496
14498
14529
14529
14535
14543
14553
14562
14572
14573
14575
14586
14593
14604
14606
14610
14620
14625
14639
14658
14659
14663
14663
14672
14673
14684
14696
14697
14708
14710
14722
14724
14744
14757
14757
14762
14763
14767
14768
14797
14803
14803
14831
14841
14846
14855
14864
14865
14865
14869
14880
14880
14890
14891
14904
14909
14921
14957
14965
14966
14973
14977
14979
14987
14993
14997
15003
15012
15022
15023
15028
15045
15047
15056
15079
15098
15103
15103
15145
15149
15153
15169
15169
15184
15188
15190
15203
15226
15235
15236
15237
15253
15262
15271
15280
15282
15293
15312
15322
15327
15359
15387
15403
15407
15433
15457
15460
15472
15477
15482
15490
15505
15510
15512
15539
15549
15549
15560
15563
15571
15573
15585
15588
15590
15591
15615
15627
15631
15632
15634
15637
15647
15649
15653
15697
15705
15707
15728
15733
15733
15757
15759
15792
15798
15800
15800
15804
15806
15834
15836
15838
15841
15866
15868
15871
15877
15883
15885
15886
15903
15916
15919
15921
15946
15950
15966
15977
15985
16006
16016
16026
16032
16063
16116
16118
16124
16138
16141
16143
16148
16152
16164
16173
16177
16181
16184
16187
16189
16204
16207
16211
16221
16227
16230
16232
16240
16252
16254
16256
16262
16271
16273
16307
16334
16349
16357
16365
16365
16367
16367
16369
16376
16381
16386
16387
16420
16424
16426
16428
16432
16446
16471
16475
16476
16482
16491
16492
16512
16516
16530
16586
16587
16591
16594
16595
16600
16624
16630
16634
16635
16637
16648
16651
16657
16683
16697
16700
16714
16719
16729
16734
16740
16755
16770
16801
16814
16820
16822
16833
16833
16846
16846
16889
16890
16892
16895
16905
16913
16917
16917
16917
16918
16927
16931
16939
16949
16953
16981
16986
16988
16997
17016
17019
17020
17030
17080
17087
17109
17110
17110
17130
17139
17156
17157
17172
17181
17186
17193
17193
17201
17241
17243
17252
17255
17263
17268
17269
17275
17291
17301
17318
17326
17334
17334
17340
17384
17391
17392
17406
17427
17464
17465
17473
17484
17489
17498
17505
17510
17511
17514
17529
17558
17572
17583
17600
17600
17601
17618
17621
17630
17662
17666
17671
17681
17684
17685
17689
17698
17703
17714
17714
17725
17725
17732
17742
17775
17822
17822
17871
17879
17883
17884
17894
17914
17923
17936
17938
17942
17944
17946
17966
17975
17976
17992
17993
18002
18005
18007
18011
18026
18070
18076
18083
18100
18108
18118
18133
18143
18150
18164
18177
18200
18222
18223
18228
18241
18254
18280
18307
18312
18313
18339
18364
18379
18382
18386
18427
18433
18444
18469
18474
18481
18487
18504
18506
18512
18530
18538
18547
18554
18554
18567
18578
18578
18594
18600
18600
18607
18614
18616
18620
18645
18666
18715
18718
18719
18722
18730
18745
18746
18749
18763
18771
18779
18793
18804
18815
18817
18824
18843
18861
18874
18885
18886
18908
18910
18911
18912
18912
18917
18919
18922
18929
18962
18963
18968
18974
18983
18992
19008
19019
19021
19026
19036
19045
19090
19109
19120
19125
19127
19128
19136
19149
19166
19168
19180
19187
19187
19214
19232
19237
19238
19241
19249
19274
19287
19301
19321
19332
19347
19349
19353
19361
19368
19381
19385
19387
19396
19408
19437
19445
19447
19461
19465
19503
19517
19517
19525
19527
19529
19529
19534
19539
19547
19552
19571
19578
19603
19615
19629
19653
19661
19662
19674
19684
19692
19694
19704
19711
19744
19746
19757
19770
19770
19775
19778
19779
19785
19790
19792
19797
19810
19844
19849
19852
19856
19861
19862
19863
19865
19898
19898
19907
19910
19919
19949
19950
19953
19970
19971
19978
19984
19985
19992
19999
20002
20004
20005
20014
20022
20035
20048
20070
20078
20084
20115
20121
20122
20150
20152
20154
20161
20162
20181
20187
20238
20241
20254
20257
20261
20266
20268
20272
20292
20298
20304
20308
20309
20312
20322
20341
20349
20355
20364
20386
20393
20393
20393
20409
20425
20430
20445
20447
20448
20451
20453
20460
20472
20474
20490
20499
20504
20525
20547
20562
20564
20568
20579
20590
20591
20599
20604
20625
20644
20646
20647
20651
20656
20659
20661
20668
20671
20685
20738
20753
20763
20767
20786
20845
20847
20861
20861
20862
20871
20886
20901
20906
20943
20954
20966
20977
20985
20988
20994
21018
21022
21028
21038
21053
21064
21068
21099
21117
21136
21155
21157
21171
21245
21269
21285
21301
21306
21307
21311
21340
21342
21347
21349
21350
21352
21357
21361
21362
21364
21382
21393
21405
21414
21427
21428
21434
21437
21441
21450
21474
21496
21503
21509
21513
21558
21569
21579
21586
21592
21602
21617
21620
21621
21656
21674
21676
21687
21707
21708
21711
21712
21714
21737
21741
21746
21758
21769
21779
21792
21796
21798
21819
21823
21826
21837
21839
21841
21852
21869
21871
21874
21883
21887
21915
21916
21919
21934
21936
21936
21942
21944
21965
21972
21983
22016
22017
22025
22048
22051
22057
22080
22105
22125
22128
22132
22150
22169
22170
22179
22185
22185
22193
22198
22215
22218
22278
22325
22327
22328
22353
22357
22360
22388
22391
22413
22413
22421
22432
22442
22453
22463
22473
22479
22486
22490
22514
22522
22530
22534
22535
22540
22542
22562
22580
22591
22598
22607
22608
22610
22611
22615
22632
22637
22642
22646
22664
22669
22680
22688
22688
22699
22709
22716
22744
22749
22755
22757
22765
22770
22795
22826
22827
22839
22850
22853
22855
22874
22889
22893
22893
22905
22920
22922
22931
22939
22950
22952
22953
22957
22962
22964
22967
22983
22988
22999
23003
23007
23023
23029
23032
23050
23089
23091
23103
23147
23161
23166
23174
23186
23212
23223
23238
23240
23248
23250
23252
23253
23254
23267
23289
23289
23308
23322
23329
23330
23339
23351
23356
23357
23385
23386
23399
23400
23411
23412
23415
23431
23439
23441
23458
23466
23470
23477
23515
23539
23544
23562
23567
23568
23570
23575
23588
23603
23610
23616
23628
23638
23642
23657
23690
23699
23721
23741
23751
23755
23760
23764
23768
23794
23798
23798
23799
23804
23819
23825
23842
23843
23856
23858
23860
23861
23877
23881
23899
23907
23934
23939
23943
23952
23957
23969
23996
24011
24016
24023
24032
24032
24077
24102
24115
24116
24122
24123
24130
24130
24134
24154
24156
24187
24187
24199
24200
24215
24216
24240
24241
24254
24267
24275
24292
24296
24298
24307
24315
24320
24345
24356
24356
24361
24361
24370
24374
24379
24388
24395
24399
24406
24411
24416
24449
24457
24462
24463
24473
24491
24493
24509
24538
24545
24549
24555
24558
24565
24569
24571
24571
24577
24581
24592
24599
24607
24607
24615
24628
24636
24644
24656
24677
24687
24701
24716
24728
24729
24733
24742
24759
24760
24762
24786
24799
24801
24814
24820
24821
24832
24854
24864
24868
24871
24894
24895
24939
24953
24957
24958
24968
24970
24976
24985
24994
24997
25002
25005
25018
25037
25045
25047
25049
25051
25053
25074
25085
25089
25089
25091
25144
25147
25148
25161
25162
25177
25195
25196
25202
25207
25209
25227
25230
25248
25249
25250
25257
25270
25274
25282
25285
25287
25287
25304
25309
25312
25326
25335
25340
25347
25349
25352
25356
25373
25376
25379
25380
25390
25392
25413
25423
25425
25428
25436
25462
25477
25517
25536
25536
25550
25553
25603
25609
25616
25618
25626
25628
25654
25655
25662
25670
25671
25685
25693
25696
25747
25748
25754
25761
25767
25769
25779
25782
25790
25790
25797
25819
25863
25866
25869
25877
25877
25879
25883
25884
25890
25903
25906
25915
25915
25927
25937
25944
25946
25954
25955
25967
25974
25977
25987
25988
25991
25992
26000
26005
26016
26020
26022
26029
26033
26063
26078
26081
26084
26099
26119
26132
26133
26136
26140
26168
26169
26169
26173
26180
26183
26192
26198
26198
26202
26209
26228
26233
26248
26262
26271
26276
26276
26287
26292
26296
26320
26320
26322
26340
26344
26346
26354
26362
26400
26421
26429
26432
26432
26439
26453
26456
26461
26462
26467
26472
26474
26484
26486
26490
26497
26522
26531
26538
26564
26575
26600
26601
26608
26611
26612
26613
26617
26629
26630
26665
26685
26716
26717
26720
26763
26797
26800
26803
26803
26810
26829
26863
26865
26868
26878
26903
26913
26916
26924
26948
26949
26949
26958
26966
26976
26983
26986
26995
26996
27001
27016
27021
27067
27094
27095
27120
27124
27127
27130
27134
27137
27139
27144
27159
27176
27177
27199
27238
27246
27252
27269
27280
27280
27285
27294
27319
27320
27343
27354
27358
27375
27404
27410
27412
27413
27416
27431
27443
27451
27454
27455
27457
27457
27458
27485
27488
27532
27536
27549
27555
27556
27561
27568
27587
27590
27605
27607
27616
27632
27636
27651
27668
27668
27670
27675
27696
27711
27720
27720
27737
27743
27745
27752
27757
27767
27768
27773
27783
27790
27803
27816
27830
27838
27860
27873
27898
27900
27900
27905
27917
27934
27935
27935
27940
27944
27953
27967
27972
27982
27989
27997
27997
28001
28040
28052
28053
28054
28070
28090
28092
28099
28100
28113
28139
28140
28153
28157
28167
28172
28176
28180
28195
28197
28210
28219
28244
28244
28244
28269
28273
28274
28286
28301
28317
28337
28338
28339
28357
28364
28369
28371
28373
28379
28385
28392
28403
28422
28422
28446
28449
28461
28470
28480
28486
28495
28497
28505
28505
28507
28511
28528
28530
28594
28598
28614
28614
28620
28623
28631
28631
28632
28653
28657
28675
28688
28704
28708
28709
28715
28728
28736
28737
28747
28750
28751
28760
28769
28773
28774
28799
28805
28823
28823
28829
28848
28858
28858
28858
28863
28874
28878
28887
28893
28895
28899
28915
28931
28964
28966
28997
28999
29010
29013
29032
29063
29071
29076
29108
29110
29117
29122
29145
29164
29165
29173
29186
29195
29213
29214
29217
29235
29237
29242
29262
29262
29262
29263
29274
29280
29308
29309
29322
29332
29334
29344
29350
29368
29382
29390
29391
29393
29403
29430
29457
29469
29482
29521
29521
29526
29532
29546
29561
29564
29579
29586
29602
29610
29625
29632
29635
29651
29675
29683
29688
29693
29696
29713
29727
29743
29779
29784
29786
29816
29823
29846
29850
29861
29895
29910
29910
29923
29928
29954
29955
29958
29971
29990
30009
30014
30016
30024
30030
30033
30036
30050
30055
30062
30067
30070
30075
30080
30092
30095
30103
30112
30115
30117
30123
30134
30164
30166
30172
30173
30181
30185
30202
30209
30212
30215
30230
30239
30249
30253
30292
30303
30304
30309
30346
30362
30406
30412
30422
30432
30441
30445
30451
30461
30506
30513
30516
30551
30560
30578
30600
30606
30620
30621
30629
30638
30645
30664
30666
30674
30688
30695
30704
30720
30760
30760
30768
30823
30842
30842
30849
30869
30879
30882
30890
30893
30896
30903
30904
30932
30934
30942
30945
30945
30961
30967
30975
30986
30993
30996
31006
31013
31045
31102
31106
31109
31110
31115
31138
31144
31149
31152
31158
31165
31165
31176
31179
31201
31215
31230
31242
31243
31248
31267
31275
31280
31281
31281
31285
31286
31297
31298
31303
31330
31339
31341
31343
31356
31362
31362
31378
31379
31390
31425
31441
31493
31501
31515
31516
31519
31521
31544
31546
31549
31554
31559
31559
31574
31583
31587
31601
31604
31606
31620
31658
31667
31681
31683
31697
31743
31774
31786
31787
31789
31801
31837
31842
31845
31851
31859
31885
31885
31889
31898
31899
31914
31922
31932
31937
31949
31966
31980
31982
31993
31997
32001
32041
32044
32050
32057
32058
32060
32063
32065
32114
32155
32160
32165
32175
32175
32183
32192
32210
32213
32228
32244
32254
32262
32285
32293
32300
32305
32308
32313
32318
32320
32341
32346
32348
32353
32372
32373
32383
32386
32413
32413
32420
32420
32451
32453
32454
32457
32470
32475
32495
32517
32518
32520
32548
32548
32634
32635
32643
32674
32689
32690
32692
32724
32761
32766
32768
32768
32801
32817
32834
32839
32857
32860
32897
32911
32947
32976
32983
32986
32993
32995
33013
33021
33051
33052
33055
33056
33086
33092
33106
33137
33137
33173
33189
33196
33232
33248
33251
33257
33265
33285
33303
33313
33330
33338
33351
33355
33395
33409
33421
33437
33442
33454
33461
33469
33472
33480
33480
33482
33486
33487
33510
33526
33547
33577
33582
33584
33602
33616
33621
33625
33637
33637
33646
33649
33662
33669
33682
33687
33690
33708
33717
33740
33741
33743
33749
33758
33770
33796
33812
33814
33820
33828
33831
33836
33844
33847
33856
33860
33868
33873
33874
33894
33904
33908
33910
33927
33938
33944
33970
33984
33997
34035
34038
34041
34061
34063
34067
34071
34080
34083
34091
34093
34097
34123
34159
34175
34183
34186
34206
34207
34220
34255
34280
34283
34304
34310
34320
34342
34345
34359
34366
34369
34392
34402
34416
34416
34454
34474
34480
34483
34487
34488
34496
34505
34507
34517
34524
34527
34538
34541
34582
34615
34618
34626
34631
34636
34650
34651
34651
34651
34652
34672
34697
34705
34724
34728
34744
34747
34753
34760
34767
34792
34802
34819
34828
34837
34846
34854
34860
34862
34874
34876
34910
34930
34930
34943
34959
34971
34987
34994
35013
35016
35022
35022
35027
35037
35058
35058
35064
35079
35081
35110
35120
35125
35129
35129
35129
35132
35133
35134
35134
35144
35144
35144
35148
35152
35158
35172
35172
35174
35197
35237
35239
35244
35246
35251
35268
35273
35274
35293
35297
35298
35336
35343
35344
35351
35358
35370
35371
35390
35403
35410
35414
35427
35431
35435
35438
35444
35449
35462
35462
35466
35474
35485
35485
35489
35492
35492
35497
35500
35508
35511
35516
35520
35523
35527
35546
35560
35573
35574
35580
35580
35590
35606
35613
35627
35634
35659
35664
35669
35671
35676
35678
35688
35715
35717
35735
35758
35772
35773
35783
35786
35793
35806
35809
35825
35827
35835
35837
35838
35858
35861
35864
35892
35898
35899
35908
35919
35926
35934
35935
35948
35963
35976
35988
35989
36003
36007
36024
36048
36059
36064
36093
36094
36095
36096
36098
36121
36132
36133
36144
36155
36165
36166
36168
36176
36200
36219
36221
36230
36231
36237
36251
36256
36263
36318
36319
36344
36357
36364
36373
36376
36381
36384
36385
36392
36395
36405
36416
36440
36458
36477
36483
36490
36498
36519
36527
36565
36579
36586
36593
36603
36610
36639
36652
36660
36663
36667
36672
36674
36676
36695
36702
36704
36718
36726
36740
36744
36750
36754
36760
36765
36765
36771
36778
36797
36803
36856
36888
36905
36907
36909
36910
36911
36918
36926
36927
36954
36988
37011
37031
37031
37031
37039
37050
37050
37052
37068
37098
37147
37148
37149
37151
37165
37202
37222
37225
37227
37231
37233
37235
37236
37260
37263
37269
37294
37326
37341
37357
37375
37378
37392
37397
37448
37450
37459
37477
37485
37490
37493
37502
37503
37506
37519
37533
37540
37549
37602
37604
37623
37624
37626
37640
37655
37673
37681
37690
37694
37699
37702
37717
37723
37731
37739
37755
37768
37769
37771
37790
37812
37813
37820
37849
37856
37865
37875
37900
37902
37905
37908
37915
37919
37921
37922
37927
37941
37970
37997
38001
38013
38014
38033
38061
38067
38079
38091
38105
38123
38124
38158
38161
38166
38169
38174
38180
38186
38187
38202
38203
38253
38257
38285
38286
38309
38318
38326
38336
38341
38345
38357
38365
38373
38378
38379
38407
38417
38427
38432
38491
38498
38505
38510
38516
38517
38518
38520
38527
38530
38567
38567
38604
38607
38616
38638
38651
38677
38678
38679
38683
38699
38708
38710
38710
38728
38750
38757
38759
38760
38763
38776
38785
38792
38806
38832
38833
38859
38884
38893
38897
38909
38923
38935
38948
38982
39014
39040
39040
39041
39048
39063
39067
39081
39096
39109
39114
39117
39119
39123
39141
39155
39173
39183
39205
39227
39228
39229
39233
39244
39260
39261
39269
39272
39326
39336
39344
39359
39368
39380
39394
39395
39397
39404
39408
39408
39424
39425
39447
39449
39456
39456
39468
39479
39487
39488
39498
39507
39512
39540
39547
39552
39598
39607
39610
39615
39640
39646
39656
39664
39666
39680
39689
39711
39717
39722
39735
39741
39745
39766
39771
39772
39773
39783
39816
39822
39832
39838
39838
39853
39856
39891
39896
39898
39947
39963
39981
39987
39991
40030
40033
40043
40054
40058
40062
40066
40070
40073
40075
40082
40087
40099
40104
40105
40112
40117
40128
40129
40133
40135
40157
40159
40170
40178
40204
40214
40217
40217
40220
40221
40224
40227
40244
40252
40260
40261
40300
40303
40314
40316
40331
40351
40367
40371
40375
40386
40400
40403
40406
40409
40415
40441
40451
40455
40475
40478
40516
40522
40605
40634
40646
40646
40653
40657
40683
40697
40698
40704
40719
40731
40734
40752
40754
40766
40781
40783
40791
40795
40807
40809
40813
40814
40820
40832
40845
40852
40862
40867
40890
40894
40895
40903
40910
40911
40948
40959
40963
40984
40986
40994
41017
41021
41042
41051
41064
41068
41078
41085
41098
41108
41139
41150
41151
41157
41158
41194
41195
41198
41219
41228
41242
41272
41277
41280
41284
41287
41298
41309
41321
41333
41365
41386
41424
41453
41458
41470
41511
41528
41541
41555
41565
41565
41572
41572
41580
41581
41588
41595
41620
41645
41661
41662
41668
41678
41678
41694
41703
41708
41709
41712
41732
41737
41739
41757
41764
41783
41784
41789
41798
41801
41807
41808
41826
41842
41849
41850
41864
41873
41892
41900
41911
41921
41927
41933
41933
41933
41956
41976
42006
42030
42038
42061
42061
42072
42078
42098
42112
42120
42127
42128
42128
42146
42196
42212
42220
42227
42228
42236
42239
42248
42256
42259
42268
42274
42279
42282
42283
42286
42296
42324
42332
42340
42348
42351
42354
42364
42365
42387
42404
42426
42431
42457
42461
42470
42515
42532
42534
42538
42539
42551
42551
42568
42570
42580
42596
42603
42616
42627
42630
42632
42658
42667
42683
42685
42685
42704
42719
42727
42735
42743
42745
42755
42767
42780
42786
42800
42801
42819
42825
42829
42850
42852
42868
42875
42876
42893
42893
42896
42911
42918
42925
42930
42934
42956
42981
42990
42991
43001
43002
43008
43017
43019
43027
43040
43056
43083
43085
43087
43087
43089
43091
43091
43101
43115
43137
43147
43147
43161
43163
43168
43185
43186
43187
43219
43221
43222
43236
43239
43252
43258
43258
43265
43274
43275
43281
43289
43298
43300
43300
43306
43312
43312
43318
43328
43339
43353
43354
43369
43370
43381
43386
43388
43389
43401
43419
43420
43447
43454
43461
43462
43468
43483
43492
43503
43508
43524
43539
43541
43551
43555
43575
43611
43613
43616
43618
43627
43651
43663
43667
43674
43681
43696
43702
43704
43713
43717
43717
43773
43837
43842
43845
43856
43857
43861
43868
43896
43897
43935
43962
43970
43977
43984
43996
44001
44001
44011
44020
44025
44049
44054
44060
44076
44080
44087
44092
44097
44122
44132
44140
44146
44146
44168
44170
44175
44177
44182
44196
44206
44224
44234
44236
44241
44249
44260
44290
44300
44326
44356
44357
44382
44396
44398
44411
44444
44453
44468
44477
44477
44487
44495
44499
44505
44517
44519
44521
44521
44524
44531
44552
44556
44558
44564
44579
44585
44589
44602
44608
44628
44648
44649
44652
44661
44676
44681
44686
44719
44723
44731
44733
44734
44779
44796
44798
44800
44802
44818
44831
44872
44872
44899
44906
44911
44924
44939
44943
44959
44972
44982
44987
44992
44998
45000
45002
45017
45017
45024
45029
45124
45129
45132
45138
45159
45178
45187
45225
45227
45228
45230
45234
45241
45250
45251
45254
45271
45280
45307
45330
45333
45351
45408
45411
45414
45434
45436
45437
45438
45440
45445
45449
45449
45463
45463
45464
45464
45470
45490
45490
45497
45503
45506
45509
45533
45536
45543
45551
45573
45579
45581
45602
45613
45620
45635
45641
45647
45653
45680
45681
45695
45714
45735
45747
45757
45764
45792
45803
45806
45815
45826
45835
45836
45850
45853
45896
45902
45903
45913
45918
45922
45933
45936
45946
45946
45948
45952
45954
45975
45983
46006
46021
46023
46030
46033
46042
46043
46044
46045
46047
46052
46062
46064
46078
46085
46114
46136
46145
46152
46171
46173
46179
46186
46186
46192
46196
46199
46203
46205
46205
46212
46212
46257
46262
46274
46280
46292
46301
46312
46344
46349
46352
46365
46372
46389
46393
46396
46406
46417
46430
46431
46436
46445
46460
46462
46467
46484
46488
46496
46507
46515
46531
46536
46545
46564
46567
46575
46609
46611
46617
46632
46637
46638
46645
46662
46688
46706
46713
46726
46729
46729
46739
46746
46760
46777
46787
46797
46820
46826
46828
46887
46898
46899
46901
46902
46920
46920
46921
46921
46932
46948
46952
46953
46953
46956
46960
46980
47035
47038
47046
47084
47087
47106
47109
47144
47147
47164
47174
47187
47193
47209
47231
47234
47238
47254
47258
47264
47268
47283
47283
47285
47294
47299
47304
47305
47326
47342
47354
47364
47365
47405
47412
47415
47426
47431
47432
47445
47450
47461
47463
47465
47478
47481
47488
47491
47497
47520
47561
47566
47573
47574
47576
47580
47588
47590
47590
47599
47606
47627
47633
47634
47645
47649
47669
47689
47696
47697
47697
47703
47707
47714
47719
47721
47726
47731
47733
47734
47735
47737
47739
47739
47779
47802
47809
47815
47831
47854
47862
47874
47876
47885
47892
47895
47898
47908
47913
47923
47924
47962
47971
47971
47975
47989
47990
48030
48038
48038
48055
48057
48063
48099
48103
48116
48130
48139
48141
48145
48149
48172
48172
48191
48216
48231
48246
48247
48265
48271
48281
48299
48306
48311
48313
48314
48330
48336
48337
48337
48358
48362
48385
48387
48396
48398
48418
48434
48464
48477
48484
48493
48503
48509
48511
48522
48522
48541
48556
48559
48567
48575
48578
48588
48601
48601
48616
48625
48629
48643
48645
48645
48653
48656
48657
48673
48684
48693
48694
48699
48706
48712
48723
48731
48740
48750
48759
48773
48789
48793
48797
48804
48833
48838
48840
48845
48851
48864
48864
48870
48872
48875
48882
48887
48890
48906
48912
48915
48922
48937
48944
48945
48946
48960
48965
48983
49025
49033
49061
49063
49072
49076
49077
49098
49104
49113
49116
49125
49125
49127
49127
49135
49139
49146
49154
49170
49174
49175
49178
49201
49203
49210
49225
49226
49229
49234
49235
49256
49258
49291
49293
49324
49334
49334
49336
49339
49345
49345
49359
49362
49382
49401
49420
49420
49423
49425
49432
49450
49491
49493
49496
49506
49520
49524
49531
49538
49541
49546
49568
49568
49568
49570
49570
49591
49600
49604
49614
49620
49626
49627
49636
49643
49646
49650
49656
49665
49668
49702
49724
49726
49731
49755
49756
49758
49760
49769
49773
49799
49800
49806
49846
49851
49879
49917
49951
49955
49969
49979
49991
50000
50011
50020
50023
50028
50049
50065
50067
50100
50102
50137
50138
50140
50149
50159
50160
50165
50167
50168
50190
50198
50209
50222
50226
50236
50245
50252
50259
50320
50323
50323
50362
50380
50389
50397
50429
50431
50440
50469
50471
50475
50479
50481
50487
50491
50501
50506
50508
50509
50510
50520
50523
50528
50540
50540
50544
50567
50575
50576
50598
50613
50616
50633
50651
50665
50676
50682
50690
50700
50701
50708
50714
50716
50722
50754
50772
50801
50802
50808
50815
50815
50817
50825
50830
50843
50848
50852
50855
50855
50870
50879
50892
50897
50904
50905
50905
50935
50970
51002
51003
51012
51023
51030
51038
51040
51054
51055
51065
51066
51072
51081
51086
51098
51127
51129
51173
51177
51201
51212
51217
51223
51272
51279
51292
51293
51310
51322
51336
51342
51343
51347
51354
51378
51380
51385
51416
51416
51427
51451
51465
51467
51468
51488
51489
51497
51507
51525
51536
51539
51549
51558
51559
51559
51561
51562
51574
51575
51593
51599
51615
51622
51625
51632
51632
51683
51687
51689
51690
51692
51698
51702
51713
51714
51714
51715
51727
51732
51754
51764
51771
51778
51783
51783
51785
51791
51791
51795
51799
51813
51815
51815
51829
51834
51850
51854
51879
51890
51892
51896
51906
51931
51937
51949
51951
51958
51965
51980
51987
51991
52004
52051
52055
52073
52078
52086
52092
52100
52101
52118
52129
52132
52136
52148
52155
52156
52165
52170
52178
52199
52215
52232
52234
52248
52250
52250
52253
52255
52258
52269
52277
52294
52298
52301
52304
52314
52318
52320
52326
52329
52346
52349
52364
52396
52397
52400
52405
52424
52425
52428
52429
52442
52462
52481
52484
52494
52523
52587
52597
52603
52605
52609
52624
52627
52631
52641
52654
52654
52660
52674
52685
52698
52699
52715
52726
52731
52733
52735
52738
52739
52768
52776
52786
52791
52792
52812
52826
52826
52828
52830
52836
52838
52839
52848
52852
52886
52888
52907
52909
52910
52911
52933
52933
52935
52957
52970
52975
52983
52989
52999
53065
53072
53085
53086
53097
53100
53107
53108
53115
53140
53148
53156
53157
53160
53162
53166
53167
53177
53178
53198
53207
53211
53222
53225
53229
53261
53284
53314
53316
53334
53336
53338
53340
53376
53385
53393
53406
53424
53432
53441
53455
53456
53459
53465
53467
53488
53500
53502
53505
53514
53520
53535
53541
53544
53549
53568
53620
53624
53627
53636
53648
53657
53664
53677
53684
53694
53698
53702
53702
53702
53717
53731
53737
53741
53747
53762
53771
53782
53823
53830
53844
53848
53851
53874
53879
53908
53940
53941
53947
53948
53951
53958
53961
53968
53987
54001
54006
54006
54017
54040
54040
54058
54083
54087
54090
54095
54110
54117
54119
54177
54177
54179
54183
54188
54195
54199
54206
54216
54232
54245
54249
54298
54308
54318
54330
54345
54358
54369
54370
54384
54417
54436
54444
54445
54447
54466
54478
54493
54509
54520
54523
54525
54566
54577
54582
54582
54590
54595
54621
54659
54661
54664
54680
54684
54687
54712
54747
54752
54766
54774
54776
54792
54808
54810
54821
54826
54836
54853
54860
54870
54879
54888
54893
54900
54942
54969
54984
54992
54997
55022
55025
55035
55041
55042
55050
55052
55079
55082
55083
55104
55134
55141
55146
55159
55173
55182
55185
55201
55220
55222
55226
55233
55236
55237
55246
55250
55261
55272
55273
55287
55291
55300
55303
55339
55364
55367
55379
55388
55396
55402
55408
55470
55491
55520
55528
55540
55545
55557
55558
55569
55595
55599
55621
55635
55650
55651
55655
55657
55693
55695
55708
55721
55728
55733
55737
55740
55740
55745
55748
55750
55771
55793
55804
55807
55834
55847
55847
55852
55856
55858
55863
55863
55865
55870
55880
55895
55895
55897
55900
55907
55917
55921
55921
55967
55995
56007
56009
56014
56037
56038
56053
56055
56055
56068
56079
56081
56082
56084
56108
56119
56125
56126
56131
56134
56135
56143
56146
56162
56169
56183
56188
56191
56213
56249
56280
56284
56296
56312
56319
56322
56327
56337
56348
56384
56395
56406
56406
56435
56442
56452
56452
56462
56473
56475
56489
56491
56491
56495
56502
56506
56514
56519
56537
56539
56556
56556
56565
56566
56568
56571
56573
56574
56576
56587
56588
56595
56608
56635
56648
56655
56665
56674
56682
56688
56707
56708
56714
56729
56778
56779
56790
56799
56803
56813
56816
56826
56829
56831
56838
56842
56859
56863
56876
56891
56902
56904
56912
56916
56918
56919
56924
56925
56928
56951
56954
56955
56961
56964
56965
56974
56976
56989
56993
57003
57008
57010
57011
57014
57016
57027
57041
57045
57072
57086
57088
57093
57099
57106
57110
57126
57133
57138
57141
57141
57169
57180
57181
57190
57200
57206
57223
57243
57251
57252
57259
57269
57273
57277
57303
57304
57320
57323
57349
57369
57369
57388
57389
57399
57409
57421
57426
57443
57443
57447
57478
57490
57491
57496
57502
57504
57526
57534
57550
57553
57560
57562
57564
57578
57593
57625
57632
57639
57640
57642
57651
57665
57680
57724
57728
57760
57769
57771
57773
57787
57812
57825
57826
57839
57840
57864
57878
57891
57891
57897
57913
57920
57920
57922
57937
57943
57948
57950
57976
58003
58031
58037
58046
58050
58051
58055
58056
58056
58084
58098
58106
58106
58109
58111
58113
58115
58165
58166
58192
58198
58206
58220
58229
58234
58235
58245
58248
58249
58280
58309
58317
58321
58326
58328
58330
58331
58350
58350
58357
58363
58372
58408
58448
58473
58502
58509
58516
58531
58536
58540
58545
58550
58553
58554
58569
58590
58608
58621
58636
58637
58651
58659
58671
58682
58688
58692
58701
58708
58719
58724
58733
58737
58738
58739
58742
58746
58748
58748
58761
58764
58810
58819
58846
58850
58896
58907
58924
58930
58936
58976
58979
58986
58998
59007
59037
59043
59055
59062
59071
59076
59088
59113
59126
59130
59136
59141
59184
59199
59213
59214
59217
59219
59223
59228
59242
59266
59280
59294
59296
59297
59297
59302
59308
59309
59330
59338
59341
59362
59367
59372
59375
59381
59382
59399
59442
59443
59452
59472
59479
59497
59497
59511
59518
59549
59552
59576
59599
59610
59621
59627
59639
59643
59652
59654
59659
59670
59677
59696
59706
59706
59708
59716
59749
59771
59787
59796
59801
59801
59825
59843
59859
59860
59868
59882
59907
59917
59918
59918
59949
59963
59992
59997
60001
60002
60034
60038
60053
60069
60094
60114
60125
60127
60147
60156
60176
60185
60196
60201
60208
60212
60228
60242
60242
60245
60246
60252
60269
60280
60285
60285
60307
60309
60310
60313
60316
60324
60330
60338
60344
60361
60366
60385
60403
60418
60421
60421
60430
60454
60473
60481
60482
60507
60529
60536
60539
60541
60549
60564
60572
60606
60608
60609
60619
60622
60652
60655
60670
60680
60700
60701
60704
60711
60730
60733
60744
60780
60792
60796
60798
60799
60812
60816
60819
60826
60827
60840
60842
60851
60876
60920
60925
60933
60944
60958
60979
60989
61004
61004
61010
61018
61022
61037
61056
61062
61124
61133
61136
61155
61167
61176
61207
61213
61221
61225
61227
61262
61288
61294
61300
61312
61313
61323
61331
61338
61339
61342
61379
61382
61386
61405
61406
61438
61443
61455
61471
61471
61485
61492
61494
61495
61504
61507
61508
61515
61517
61530
61556
61560
61573
61573
61576
61593
61608
61611
61611
61620
61629
61630
61649
61657
61662
61665
61666
61682
61685
61705
61711
61731
61767
61774
61775
61791
61792
61797
61808
61837
61842
61845
61870
61886
61906
61912
61931
61933
61933
61945
61956
61972
61984
61999
62005
62027
62090
62113
62130
62141
62147
62147
62147
62161
62164
62167
62173
62180
62180
62195
62207
62207
62229
62253
62259
62261
62273
62288
62295
62301
62304
62319
62333
62342
62343
62348
62364
62420
62423
62426
62451
62479
62517
62520
62522
62529
62530
62533
62536
62557
62564
62572
62591
62601
62604
62604
62629
62637
62639
62644
62664
62664
62668
62677
62678
62681
62682
62685
62687
62691
62715
62720
62732
62734
62755
62767
62768
62773
62780
62781
62784
62784
62786
62801
62803
62808
62817
62837
62837
62841
62842
62850
62858
62859
62860
62901
62911
62919
62948
62954
62956
63006
63015
63021
63034
63042
63044
63044
63053
63061
63065
63085
63121
63124
63135
63159
63189
63194
63203
63243
63248
63251
63276
63277
63279
63286
63329
63332
63336
63341
63350
63353
63358
63358
63384
63385
63392
63394
63411
63424
63425
63427
63428
63438
63440
63448
63449
63454
63459
63461
63473
63481
63485
63492
63503
63508
63511
63520
63548
63568
63627
63629
63631
63647
63652
63665
63670
63676
63686
63690
63691
63704
63725
63727
63738
63747
63749
63764
63780
63781
63800
63805
63813
63824
63844
63848
63853
63865
63868
63874
63876
63909
63920
63941
63953
63958
63958
63961
63965
64000
64012
64018
64024
64031
64034
64034
64042
64053
64064
64075
64088
64103
64105
64121
64123
64124
64132
64139
64140
64144
64151
64151
64152
64171
64189
64196
64197
64199
64204
64206
64234
64240
64254
64278
64295
64314
64316
64320
64341
64360
64365
64367
64384
64395
64399
64429
64441
64456
64468
64473
64483
64486
64486
64488
64491
64493
64501
64531
64542
64589
64598
64599
64628
64642
64666
64667
64667
64693
64695
64698
64706
64709
64712
64713
64734
64740
64740
64740
64741
64743
64749
64757
64762
64775
64777
64824
64829
64831
64840
64855
64872
64903
64926
64942
64946
64947
64947
64967
64971
64977
64987
64997
65006
65012
65028
65037
65047
65052
65065
65077
65095
65128
65142
65149
65151
65154
65155
65158
65162
65192
65212
65214
65225
65233
65234
65241
65245
65255
65261
65263
65270
65287
65287
65293
65293
65297
65301
65319
65323
65344
65345
65346
65348
65377
65379
65390
65395
65404
65404
65416
65421
65438
65455
65460
65465
65485
65495
65500
65501
65504
65521
65528
65539
65555
65556
65558
65570
65579
65586
65588
65593
65599
65602
65622
65624
65626
65630
65631
65658
65675
65677
65678
65681
65689
65697
65706
65708
65723
65725
65729
65737
65761
65763
65769
65774
65782
65783
65788
65789
65795
65804
65816
65826
65838
65847
65855
65855
65864
65866
65882
65962
65964
65972
65973
65983
66004
66024
66024
66027
66036
66038
66042
66046
66050
66056
66062
66067
66087
66095
66105
66107
66116
66127
66150
66150
66152
66169
66172
66210
66213
66220
66222
66223
66226
66236
66263
66268
66287
66296
66320
66330
66338
66345
66346
66347
66358
66364
66369
66369
66382
66388
66392
66399
66402
66406
66418
66419
66430
66446
66452
66454
66457
66459
66461
66472
66512
66523
66537
66544
66549
66553
66567
66572
66578
66582
66588
66589
66598
66611
66613
66615
66616
66618
66618
66631
66635
66637
66659
66662
66674
66703
66723
66771
66788
66823
66826
66830
66844
66844
66844
66845
66859
66865
66886
66889
66903
66907
66923
66941
66965
66967
66975
66993
66995
66998
66999
67023
67025
67050
67050
67050
67059
67060
67067
67068
67081
67089
67090
67104
67112
67125
67149
67160
67165
67170
67187
67188
67191
67212
67215
67239
67249
67258
67280
67284
67289
67293
67317
67320
67323
67343
67346
67360
67375
67381
67392
67393
67403
67430
67437
67444
67448
67453
67463
67480
67480
67482
67490
67496
67511
67516
67524
67538
67547
67554
67561
67578
67578
67585
67591
67599
67608
67610
67622
67624
67626
67679
67692
67720
67723
67752
67754
67755
67757
67759
67766
67767
67780
67795
67829
67849
67853
67864
67867
67890
67904
67912
67915
67916
67919
67954
67962
67976
67981
67989
67995
68014
68022
68025
68026
68030
68032
68036
68074
68075
68075
68092
68110
68128
68132
68141
68142
68149
68156
68157
68162
68166
68167
68176
68180
68188
68203
68235
68238
68243
68244
68261
68262
68263
68271
68279
68282
68285
68294
68294
68301
68325
68340
68344
68348
68348
68357
68374
68375
68378
68397
68398
68400
68413
68438
68450
68460
68468
68494
68499
68503
68516
68525
68537
68576
68587
68603
68604
68621
68630
68644
68647
68649
68651
68664
68664
68674
68693
68695
68702
68716
68720
68723
68724
68724
68748
68764
68765
68782
68793
68803
68841
68842
68851
68861
68869
68888
68901
68902
68903
68909
68932
68937
68943
68953
68973
68973
68975
68984
68990
69007
69017
69019
69023
69031
69033
69046
69050
69054
69056
69060
69089
69091
69095
69098
69109
69142
69148
69169
69170
69178
69179
69187
69191
69193
69206
69208
69213
69216
69217
69224
69242
69246
69256
69267
69297
69304
69315
69320
69322
69347
69352
69354
69356
69375
69386
69396
69418
69425
69431
69435
69445
69452
69471
69480
69483
69499
69505
69512
69515
69517
69519
69525
69538
69546
69551
69555
69557
69561
69575
69587
69591
69634
69651
69653
69656
69658
69662
69662
69691
69710
69718
69734
69735
69736
69738
69741
69753
69754
69760
69775
69779
69781
69784
69787
69791
69825
69831
69832
69861
69872
69876
69878
69879
69928
69929
69935
69937
69952
69954
69958
69976
69987
69999
70008
70023
70042
70043
70068
70073
70078
70081
70096
70096
70102
70104
70107
70118
70128
70130
70155
70173
70180
70186
70208
70216
70222
70223
70236
70245
70246
70274
70276
70287
70291
70297
70306
70310
70313
70336
70339
70355
70364
70367
70372
70386
70388
70388
70393
70395
70401
70422
70440
70489
70489
70506
70509
70509
70510
70522
70523
70530
70538
70540
70545
70557
70560
70589
70596
70608
70614
70626
70627
70630
70632
70638
70640
70649
70657
70671
70697
70704
70707
70719
70723
70724
70729
70744
70748
70755
70757
70784
70788
70792
70794
70803
70834
70850
70862
70898
70901
70901
70908
70913
70915
70921
70924
70934
70934
70937
70978
70980
70988
70993
70996
71017
71022
71046
71059
71074
71076
71085
71090
71122
71128
71143
71162
71166
71170
71190
71197
71203
71204
71209
71239
71243
71245
71261
71283
71304
71308
71310
71311
71317
71317
71328
71329
71329
71333
71337
71337
71338
71340
71359
71379
71381
71396
71424
71439
71446
71449
71476
71512
71529
71538
71546
71572
71572
71591
71592
71595
71634
71636
71686
71694
71705
71721
71723
71725
71727
71737
71751
71752
71786
71788
71792
71814
71824
71836
71841
71865
71874
71878
71884
71898
71914
71920
71920
71935
71952
71961
71980
71981
71981
71986
72008
72013
72022
72027
72035
72063
72074
72077
72131
72133
72147
72154
72160
72163
72180
72190
72193
72195
72197
72223
72231
72235
72242
72243
72249
72257
72260
72272
72296
72301
72314
72324
72327
72344
72351
72360
72366
72367
72368
72380
72382
72390
72404
72411
72417
72436
72458
72462
72466
72468
72478
72480
72492
72546
72553
72569
72570
72588
72600
72602
72607
72623
72630
72636
72642
72643
72657
72657
72672
72673
72677
72678
72690
72723
72725
72729
72733
72736
72739
72744
72755
72759
72762
72763
72775
72777
72781
72791
72795
72797
72797
72801
72812
72817
72833
72835
72845
72862
72864
72871
72875
72885
72886
72891
72892
72893
72894
72900
72904
72909
72912
72927
72929
72929
72933
72939
72946
72953
72960
72968
72969
72972
72977
72979
72984
72996
73021
73061
73063
73064
73066
73072
73072
73076
73077
73081
73086
73088
73115
73152
73157
73170
73180
73202
73204
73216
73248
73252
73257
73257
73271
73276
73281
73315
73320
73325
73326
73339
73345
73359
73375
73377
73389
73399
73415
73425
73434
73445
73461
73467
73495
73506
73508
73563
73571
73587
73588
73590
73605
73612
73616
73625
73650
73658
73669
73670
73673
73679
73687
73691
73692
73704
73706
73708
73708
73711
73717
73729
73731
73733
73749
73756
73780
73785
73805
73805
73813
73814
73819
73821
73826
73834
73834
73845
73848
73858
73862
73880
73884
73894
73922
73929
73945
73956
73959
73961
73962
73975
73978
73984
73994
73995
74033
74084
74091
74125
74127
74149
74154
74164
74167
74168
74176
74202
74225
74227
74231
74234
74241
74249
74266
74270
74270
74290
74292
74303
74319
74329
74342
74349
74351
74357
74360
74371
74372
74380
74391
74391
74408
74410
74421
74440
74476
74478
74479
74491
74494
74495
74505
74523
74526
74533
74535
74536
74549
74551
74551
74556
74556
74558
74566
74570
74575
74583
74583
74592
74596
74603
74637
74646
74653
74670
74682
74685
74693
74704
74724
74729
74732
74734
74775
74781
74808
74808
74813
74825
74852
74854
74882
74889
74896
74899
74914
74920
74924
74926
74927
74932
74936
74952
74962
74974
74995
75012
75026
75032
75037
75038
75039
75046
75047
75049
75054
75057
75060
75066
75071
75084
75089
75093
75103
75112
75116
75123
75136
75144
75151
75163
75171
75192
75199
75231
75246
75246
75247
75274
75276
75278
75282
75291
75299
75312
75324
75330
75331
75338
75346
75349
75350
75355
75388
75393
75412
75427
75440
75455
75458
75499
75501
75504
75506
75509
75525
75573
75580
75612
75633
75645
75666
75674
75682
75687
75688
75699
75718
75721
75743
75754
75757
75765
75768
75783
75793
75821
75821
75831
75842
75843
75846
75857
75901
75903
75903
75909
75919
75926
75932
75939
75941
75946
75948
75950
75971
75980
75981
75996
76003
76050
76051
76069
76084
76106
76111
76136
76139
76157
76159
76185
76204
76210
76235
76246
76263
76269
76307
76308
76312
76324
76338
76347
76355
76358
76383
76392
76408
76410
76434
76435
76447
76450
76450
76451
76452
76486
76488
76496
76526
76532
76545
76561
76562
76569
76574
76602
76604
76621
76644
76657
76663
76667
76668
76672
76681
76693
76699
76715
76740
76753
76764
76781
76795
76800
76807
76812
76829
76844
76855
76859
76859
76860
76860
76869
76869
76890
76932
76949
76963
76965
76975
76984
76995
77000
77034
77046
77050
77059
77063
77070
77092
77094
77109
77112
77118
77129
77146
77147
77157
77160
77174
77191
77195
77221
77221
77227
77231
77239
77240
77244
77244
77277
77280
77284
77298
77319
77324
77346
77352
77375
77377
77391
77411
77420
77422
77465
77469
77492
77495
77520
77525
77533
77535
77536
77540
77546
77551
77554
77578
77582
77583
77590
77595
77609
77621
77622
77630
77649
77665
77669
77675
77679
77680
77702
77712
77715
77730
77749
77755
77760
77762
77763
77772
77783
77793
77796
77802
77805
77809
77829
77843
77860
77861
77888
77889
77894
77895
77902
77907
77914
77915
77917
77917
77923
77943
77949
77951
77954
77963
77964
77968
77974
77985
77992
77998
78017
78024
78025
78026
78032
78045
78080
78095
78109
78109
78114
78136
78150
78150
78153
78155
78169
78188
78200
78201
78221
78238
78242
78242
78262
78266
78267
78279
78279
78286
78293
78295
78300
78322
78332
78333
78358
78365
78380
78390
78401
78404
78407
78430
78435
78448
78453
78454
78458
78461
78465
78469
78485
78486
78489
78495
78515
78525
78583
78589
78597
78617
78636
78638
78659
78664
78683
78693
78696
78699
78711
78719
78730
78746
78749
78755
78760
78763
78768
78778
78782
78782
78783
78788
78789
78790
78796
78798
78805
78805
78888
78901
78911
78923
78940
78947
78953
78959
78984
79005
79006
79014
79029
79043
79052
79057
79081
79083
79087
79093
79095
79114
79159
79166
79168
79179
79206
79239
79243
79269
79286
79295
79310
79315
79315
79322
79342
79357
79373
79386
79388
79389
79389
79390
79392
79402
79420
79422
79427
79440
79446
79446
79465
79476
79487
79497
79511
79520
79528
79531
79546
79552
79552
79556
79558
79560
79586
79614
79629
79635
79645
79651
79704
79716
79724
79729
79746
79770
79777
79778
79790
79793
79795
79804
79834
79844
79876
79885
79885
79895
79904
79906
79914
79963
79985
79987
80006
80016
80024
80025
80036
80043
80054
80056
80067
80069
80077
80105
80144
80146
80148
80156
80186
80190
80193
80196
80199
80202
80206
80211
80222
80241
80248
80264
80264
80281
80284
80299
80310
80319
80324
80326
80364
80372
80372
80377
80379
80396
80399
80399
80422
80428
80465
80504
80531
80554
80564
80585
80586
80590
80593
80625
80625
80644
80647
80656
80658
80662
80668
80669
80682
80682
80693
80719
80737
80744
80759
80762
80782
80790
80811
80813
80817
80821
80823
80831
80839
80847
80860
80865
80872
80872
80892
80904
80904
80905
80923
80929
80948
80959
80962
80976
80983
80988
81008
81016
81023
81046
81081
81088
81094
81098
81103
81121
81125
81141
81148
81156
81170
81171
81205
81207
81217
81218
81231
81235
81269
81301
81305
81315
81317
81342
81349
81355
81362
81364
81369
81370
81405
81405
81411
81428
81460
81464
81467
81487
81491
81502
81510
81531
81535
81539
81549
81550
81550
81554
81555
81563
81582
81594
81610
81633
81646
81659
81660
81662
81690
81694
81699
81704
81711
81725
81726
81752
81757
81762
81766
81775
81801
81825
81830
81832
81843
81867
81869
81881
81935
81939
81941
81956
82014
82017
82025
82026
82029
82033
82038
82041
82051
82061
82064
82067
82067
82074
82089
82090
82092
82110
82110
82117
82126
82130
82136
82142
82146
82155
82185
82193
82198
82210
82216
82225
82232
82235
82236
82242
82243
82254
82265
82266
82281
82283
82289
82356
82360
82363
82373
82379
82393
82396
82399
82424
82427
82445
82453
82461
82466
82493
82494
82504
82508
82510
82512
82522
82523
82543
82548
82553
82569
82579
82581
82584
82588
82592
82595
82597
82621
82621
82632
82634
82654
82655
82658
82670
82708
82720
82722
82731
82740
82751
82757
82764
82766
82777
82785
82793
82794
82805
82831
82839
82847
82848
82866
82878
82878
82886
82909
82910
82911
82951
82967
82972
82974
82983
83016
83080
83112
83148
83157
83159
83179
83192
83201
83202
83215
83230
83231
83264
83295
83320
83327
83332
83335
83337
83344
83349
83355
83358
83359
83365
83368
83369
83378
83381
83414
83449
83468
83469
83481
83489
83494
83495
83500
83506
83523
83528
83528
83532
83567
83568
83578
83589
83593
83598
83606
83627
83633
83659
83678
83680
83685
83691
83697
83701
83709
83717
83728
83736
83742
83746
83752
83757
83766
83769
83769
83779
83801
83811
83813
83814
83820
83825
83833
83855
83856
83862
83887
83924
83964
83967
83979
84006
84068
84070
84072
84081
84081
84090
84099
84105
84107
84110
84134
84149
84150
84165
84183
84190
84193
84195
84203
84223
84234
84237
84266
84269
84307
84313
84318
84327
84330
84334
84334
84348
84357
84367
84373
84386
84395
84399
84409
84412
84423
84451
84460
84477
84479
84482
84483
84521
84541
84552
84555
84557
84571
84575
84600
84628
84630
84635
84649
84667
84671
84685
84688
84733
84744
84747
84755
84756
84762
84772
84784
84786
84789
84797
84811
84823
84830
84844
84849
84860
84861
84869
84888
84946
84955
84976
84987
84988
84989
84991
85010
85016
85018
85032
85047
85053
85099
85112
85129
85132
85134
85151
85186
85192
85198
85239
85239
85246
85255
85262
85288
85301
85314
85319
85355
85356
85358
85362
85369
85372
85378
85379
85380
85393
85393
85399
85407
85424
85424
85434
85438
85439
85449
85457
85461
85462
85474
85485
85511
85512
85512
85513
85547
85556
85556
85561
85564
85569
85572
85572
85604
85605
85611
85634
85653
85705
85706
85724
85752
85756
85759
85762
85782
85787
85802
85807
85809
85819
85820
85829
85847
85848
85856
85890
85906
85909
85921
85941
85974
85976
86010
86013
86020
86036
86057
86081
86111
86117
86145
86154
86161
86169
86193
86198
86219
86240
86256
86271
86290
86292
86299
86324
86347
86348
86361
86361
86363
86365
86379
86422
86429
86437
86456
86506
86507
86507
86535
86573
86575
86576
86578
86582
86596
86598
86600
86601
86602
86610
86628
86638
86641
86666
86702
86712
86728
86728
86731
86754
86789
86810
86810
86821
86835
86853
86867
86868
86872
86876
86896
86918
86925
86983
86989
86991
87010
87018
87019
87024
87046
87046
87051
87068
87080
87086
87090
87098
87109
87126
87126
87132
87157
87178
87181
87189
87219
87239
87250
87267
87271
87283
87303
87310
87311
87314
87346
87350
87378
87381
87388
87413
87435
87438
87444
87446
87460
87464
87470
87491
87499
87503
87505
87508
87527
87552
87569
87575
87583
87583
87586
87587
87609
87614
87615
87653
87656
87679
87690
87693
87695
87698
87711
87742
87755
87758
87784
87812
87825
87890
87893
87914
87917
87924
87948
87951
87952
87972
87990
88009
88016
88026
88026
88027
88034
88035
88038
88045
88046
88077
88106
88116
88121
88136
88142
88157
88167
88182
88219
88220
88223
88224
88243
88269
88274
88286
88289
88309
88309
88311
88313
88314
88317
88348
88368
88382
88384
88385
88389
88426
88431
88440
88451
88457
88462
88475
88489
88493
88501
88523
88538
88556
88583
88587
88594
88607
88616
88633
88641
88664
88664
88669
88713
88721
88724
88726
88739
88742
88757
88759
88761
88763
88768
88801
88803
88805
88814
88829
88858
88863
88870
88876
88878
88886
88888
88890
88892
88894
88916
88922
88954
88961
88963
88966
88993
88995
88996
89014
89016
89025
89030
89041
89044
89049
89059
89069
89073
89074
89081
89101
89115
89115
89148
89149
89155
89160
89186
89190
89196
89201
89204
89228
89236
89238
89263
89275
89283
89318
89324
89341
89350
89350
89352
89352
89354
89378
89393
89393
89398
89402
89417
89418
89421
89424
89427
89444
89480
89481
89484
89485
89496
89508
89514
89525
89531
89532
89533
89534
89540
89555
89571
89583
89616
89624
89625
89626
89634
89656
89663
89666
89670
89714
89717
89720
89725
89730
89738
89758
89763
89771
89771
89772
89788
89822
89823
89837
89841
89850
89853
89865
89869
89873
89879
89914
89916
89925
89926
89929
89941
89942
89953
89954
89954
89970
89993
89993
89994
90005
90010
90011
90013
90013
90030
90049
90052
90055
90063
90092
90092
90095
90102
90113
90119
90123
90128
90135
90140
90141
90164
90170
90188
90195
90208
90209
90217
90220
90225
90227
90227
90229
90239
90244
90247
90271
90276
90285
90301
90320
90327
90332
90338
90354
90362
90385
90392
90396
90404
90409
90414
90417
90458
90461
90476
90501
90512
90517
90533
90535
90554
90559
90577
90612
90618
90644
90658
90660
90663
90664
90713
90717
90728
90735
90737
90755
90755
90774
90795
90805
90812
90817
90819
90820
90821
90822
90848
90854
90864
90873
90873
90895
90903
90906
90911
90911
90924
90927
90945
90954
90957
90964
90967
90972
90989
91001
91008
91023
91046
91046
91056
91087
91087
91096
91105
91117
91145
91154
91178
91184
91186
91190
91190
91192
91195
91195
91196
91198
91205
91217
91218
91232
91236
91245
91268
91275
91296
91296
91300
91328
91328
91340
91348
91349
91358
91383
91389
91395
91399
91406
91408
91412
91420
91424
91449
91452
91466
91498
91512
91535
91538
91541
91546
91554
91563
91564
91569
91586
91608
91618
91637
91649
91654
91666
91667
91673
91692
91693
91694
91698
91704
91747
91766
91767
91805
91816
91824
91825
91832
91834
91840
91842
91845
91852
91854
91864
91871
91882
91888
91890
91945
91995
92007
92012
92015
92019
92020
92023
92027
92032
92035
92058
92066
92067
92071
92082
92084
92110
92119
92126
92126
92127
92130
92151
92156
92169
92184
92191
92196
92196
92203
92205
92212
92212
92250
92253
92276
92279
92285
92290
92291
92307
92307
92319
92320
92322
92362
92362
92366
92366
92397
92399
92402
92408
92412
92425
92433
92437
92457
92461
92463
92469
92481
92483
92491
92491
92506
92514
92530
92532
92543
92546
92546
92550
92551
92567
92587
92587
92597
92600
92601
92602
92618
92629
92630
92672
92676
92729
92730
92746
92763
92775
92777
92780
92784
92806
92826
92827
92830
92842
92856
92859
92861
92874
92880
92892
92894
92896
92909
92917
92927
92945
92945
92948
92949
92965
92970
92984
93002
93023
93029
93034
93072
93079
93088
93100
93115
93130
93146
93151
93152
93165
93166
93172
93181
93188
93205
93215
93235
93236
93300
93308
93323
93338
93345
93364
93374
93392
93408
93439
93456
93458
93484
93502
93516
93558
93559
93561
93572
93579
93583
93596
93630
93632
93650
93651
93651
93652
93657
93665
93712
93725
93727
93727
93735
93750
93770
93773
93776
93785
93789
93798
93809
93812
93817
93826
93828
93830
93831
93865
93872
93886
93895
93910
93929
93936
93943
93946
94003
94003
94006
94015
94031
94035
94049
94051
94053
94065
94071
94073
94077
94105
94110
94116
94126
94127
94135
94150
94163
94168
94178
94181
94181
94185
94191
94214
94234
94250
94263
94267
94269
94291
94296
94298
94307
94315
94320
94338
94340
94363
94371
94371
94374
94385
94387
94399
94407
94420
94430
94443
94448
94468
94471
94474
94482
94495
94516
94529
94536
94553
94558
94564
94574
94583
94591
94613
94616
94621
94646
94654
94659
94667
94672
94675
94677
94689
94721
94725
94726
94751
94760
94760
94768
94796
94799
94800
94815
94848
94881
94901
94919
94940
94940
94940
94943
94951
94958
94973
94976
94986
95002
95015
95019
95028
95037
95059
95059
95068
95071
95075
95091
95102
95104
95118
95133
95153
95155
95175
95180
95186
95189
95192
95206
95208
95227
95229
95233
95240
95248
95248
95254
95264
95276
95282
95287
95310
95323
95336
95345
95347
95357
95382
95395
95401
95402
95416
95434
95435
95499
95509
95524
95542
95542
95543
95543
95555
95575
95582
95598
95612
95616
95634
95645
95650
95664
95671
95678
95694
95705
95714
95731
95760
95764
95765
95783
95800
95810
95813
95839
95846
95859
95861
95869
95887
95891
95894
95904
95923
95924
95963
95965
95983
95990
95999
96019
96022
96023
96035
96037
96046
96065
96089
96104
96123
96129
96129
96145
96152
96158
96184
96201
96208
96214
96232
96238
96239
96245
96260
96269
96275
96282
96282
96287
96304
96306
96318
96355
96357
96373
96391
96407
96407
96414
96417
96417
96418
96422
96426
96452
96458
96458
96470
96474
96474
96476
96478
96493
96509
96512
96546
96549
96550
96584
96584
96587
96591
96593
96597
96599
96601
96606
96610
96613
96615
96620
96621
96644
96651
96660
96671
96672
96673
96675
96679
96692
96695
96702
96703
96713
96718
96719
96720
96720
96726
96730
96735
96740
96764
96790
96809
96825
96878
96895
96911
96913
96914
96916
96929
96931
96961
96963
96976
96981
97000
97008
97008
97010
97024
97056
97065
97084
97084
97108
97109
97122
97126
97130
97141
97147
97147
97155
97169
97179
97211
97235
97242
97263
97265
97265
97288
97297
97309
97310
97311
97315
97341
97343
97346
97348
97351
97361
97368
97373
97381
97384
97384
97398
97402
97406
97426
97429
97431
97448
97459
97470
97475
97484
97490
97496
97496
97501
97509
97518
97542
97551
97557
97562
97565
97576
97586
97614
97619
97624
97624
97630
97633
97655
97662
97666
97678
97684
97693
97693
97698
97703
97705
97706
97720
97723
97733
97741
97745
97747
97763
97764
97778
97779
97806
97817
97818
97828
97831
97846
97852
97855
97859
97874
97880
97903
97903
97939
97939
97953
97955
97962
97974
97978
97989
98005
98011
98019
98028
98030
98038
98049
98078
98080
98082
98084
98091
98108
98122
98128
98134
98145
98147
98170
98188
98188
98197
98226
98238
98241
98274
98279
98279
98282
98288
98288
98295
98308
98312
98317
98317
98320
98330
98346
98347
98351
98399
98400
98404
98407
98414
98419
98422
98427
98429
98433
98436
98439
98443
98445
98472
98479
98489
98490
98495
98502
98563
98589
98597
98602
98613
98615
98624
98625
98625
98635
98645
98679
98682
98700
98706
98707
98727
98735
98775
98797
98797
98808
98811
98822
98843
98867
98897
98897
98898
98902
98904
98904
98904
98904
98943
98955
98980
98992
98999
99002
99003
99006
99011
99019
99023
99058
99060
99068
99068
99073
99078
99109
99111
99115
99136
99137
99174
99183
99191
99195
99195
99198
99222
99224
99239
99251
99255
99265
99274
99276
99285
99325
99325
99327
99337
99346
99346
99353
99370
99374
99381
99399
99401
99402
99406
99413
99444
99450
99465
99473
99482
99494
99508
99516
99555
99580
99581
99581
99586
99608
99640
99642
99649
99651
99652
99655
99670
99672
99678
99685
99691
99712
99718
99721
99753
99759
99778
99782
99790
99799
99837
99839
99842
99874
99876
99877
99890
99893
99916
99922
99966
99972
99980
99989
