82866
77486
9357
59589
5018
2803
82337
29996
58582
57427
71825
99903
52571
24808
59448
86380
20892
3452
5883
22138
50308
9864
35035
67513
52935
97838
27527
57400
91453
42977
58040
32257
85407
38397
28699
7900
3757
26849
49896
45754
39993
30353
58727
62475
1599
83891
95697
6685
54437
74331
63894
39194
33781
17960
85371
32421
6928
6555
48763
97773
43354
8627
67864
37979
27620
48896
10343
59694
36135
56953
39937
88603
18134
79358
13946
33427
4679
25293
31125
50265
31588
20256
97647
1210
7181
27598
6872
5578
50181
74224
2650
12329
61919
93881
65302
93116
34930
97436
98023
39004
41875
5290
31675
51872
80552
1244
99837
57522
29699
8426
18210
99710
53053
85952
87170
11296
43443
32253
58736
79146
34155
73720
38334
67799
33566
64741
52212
41805
73460
74814
14650
18289
3501
97959
3186
75012
27469
28289
24958
92806
25553
67004
52669
81342
14443
46676
10195
81187
23017
60193
18933
90424
24547
13794
5057
92602
74449
36097
36849
94787
36673
42601
94464
76984
55282
15341
86835
77360
8032
96433
11756
81533
84935
63881
84402
35508
9954
88399
99555
36314
33050
47434
75210
31162
42016
35694
68504
76859
96180
38140
14769
96331
71960
70095
69992
8644
95287
24282
877
25618
7956
10453
37202
62781
16238
87954
48739
89429
66005
51869
11249
33120
97957
77235
32354
95569
11510
573
17433
36626
26613
85580
71059
69054
20016
26777
13255
86060
58251
48330
99629
60673
96488
2854
87868
24482
21131
38410
74635
76797
34141
90187
29265
95626
24584
30130
43064
96149
54101
4395
29294
98805
3623
8256
57772
6379
44655
82247
48790
34097
90266
58330
11983
11882
35512
50145
32383
97662
12777
81664
43389
10081
62799
83760
22676
83957
2885
36819
76537
26454
47766
93571
11704
37858
22534
66058
49279
66244
16200
2311
33522
92196
15661
10220
7096
45726
80250
73642
82643
2207
46249
62945
26698
12154
53858
35265
32819
72172
68175
53787
60122
21745
94347
39842
67206
47922
67081
79664
65005
27793
24929
60285
32467
13349
90149
89044
4485
44645
95780
35692
56866
17242
86140
39131
90250
36149
96700
28175
91818
68665
96687
31571
15367
7041
93935
38754
60692
16737
33343
33514
71622
10427
41339
85304
89368
825
90206
80357
5463
18415
4099
82914
53436
88087
6123
54617
41476
69705
16205
97007
23135
82806
9092
10937
97064
92349
23159
13030
3269
95171
81494
71028
71371
86124
60928
72759
64973
41406
19382
72113
33191
90038
25626
50198
13744
49262
89666
57473
68358
19265
81147
74160
81734
8880
2989
74494
18949
99408
97498
60047
15294
93804
22054
51906
24895
42070
90903
84556
28289
95666
65524
76185
2804
64514
41995
3149
18034
94909
2129
5218
11765
70251
8780
37149
9350
37067
248
32524
49992
46360
37916
33367
7624
27454
48647
35091
85444
40158
96111
81063
98615
34863
48006
27147
72441
42485
64638
19690
28748
1812
77060
2625
38896
35848
58183
65801
91998
85269
62536
12120
1575
16762
13095
81965
88537
69154
94874
77018
79928
71956
94180
81928
99800
98185
6179
29643
53456
90012
794
71487
36321
74053
78597
41515
48428
98429
85334
48106
20228
25034
33425
12896
7760
7864
59402
52776
66898
72143
68529
32457
88022
8122
44640
18338
22857
77777
31711
53145
50369
63598
95442
78857
58204
55699
98628
93692
73250
54077
23099
754
57395
50065
10572
32143
80951
82663
63517
33067
6978
29929
78793
3578
14832
21881
98792
20586
58143
53637
75831
82372
36210
60841
77386
44987
84189
25578
87360
9814
90663
45904
28129
94392
41248
62852
83845
33436
25776
39966
15886
92361
96517
10847
26138
7058
64979
70351
90823
82066
12723
99383
73205
16755
88430
92234
68436
56621
50087
21588
65670
13842
13313
48104
46257
98086
15822
3223
11608
5039
78361
79158
50456
40001
2056
62685
23745
13597
11016
73326
80810
23198
56611
98982
24192
5624
27209
96956
43979
10835
32798
75850
55167
41224
88503
84103
46750
53440
75859
34183
87225
51103
78980
4948
89031
77635
72277
7551
53882
73764
98921
63480
8156
90927
47871
9212
31576
33332
26180
36375
36821
96523
88405
83805
52889
17754
49512
91454
18946
56565
12059
28555
10884
89540
44367
93345
28039
28758
10370
71440
57819
9416
65419
91883
68552
54607
66582
40179
91366
69457
51829
69093
38238
68783
57333
87987
75013
17262
99161
51165
80037
88694
95733
46798
69355
65068
35512
99027
32818
18410
41451
53394
49021
98479
63851
51196
93615
65956
52473
81228
12389
59994
82091
85883
46103
36275
93403
41767
7850
23450
11430
12873
12678
94579
32450
99519
95273
5595
28106
30865
28573
7941
93302
65177
17007
96842
5151
75824
68483
42886
70750
69779
16114
79212
80649
99652
71508
97535
19638
72369
89268
88643
58801
44433
66418
23276
6001
20578
21709
11144
74031
80309
63454
49032
64659
82913
83029
19863
60802
83292
19845
22045
94023
26399
8791
11242
86683
64135
8489
49737
44372
97293
3485
98377
18313
67990
29278
92499
98891
9330
17600
90880
61356
29127
38135
18130
70699
1584
63630
49188
22375
10006
87156
81798
62421
35125
69729
38828
14594
12205
49871
74869
87371
20550
52514
88581
67169
77685
77292
93909
25930
2254
73437
51579
27359
21073
81754
9362
25693
4058
55594
47548
86282
2941
54911
34087
16373
40673
52947
68421
52470
69182
33734
38284
39261
84127
56888
17251
34978
20029
41889
42867
9813
57449
11386
82398
69355
21051
41123
89799
77325
16735
47233
46197
15621
30793
4925
27436
91200
98388
18550
79556
36971
88904
15062
96208
6589
96982
71528
29018
3278
2209
36061
81356
4920
81080
15824
3708
73148
39655
14945
57230
33620
11171
27077
56910
48441
78857
83436
19728
85341
46111
61979
4691
19280
23538
89557
6090
15539
15314
28247
94286
60060
15542
53223
6156
81157
47349
66463
3249
66005
90383
94133
57773
97461
78410
96813
59610
76781
69085
53607
20349
59832
14316
2230
87769
9182
21289
51796
52741
1087
20527
6364
37152
52512
67059
10091
78338
27655
75043
35631
88638
87001
71533
86309
42043
94513
16145
14134
37164
36200
74482
68102
44653
96880
82007
88493
72162
89544
19762
71443
91240
59234
53504
33145
57523
70849
39126
88488
20498
8431
39962
2751
52814
40241
41940
70358
29132
26392
13349
23594
33816
41517
29788
84825
99385
91732
95483
84197
707
30607
15736
