248
573
707
754
794
825
877
1087
1210
1244
1575
1584
1599
1812
2056
2129
2207
2209
2230
2254
2311
2625
2650
2751
2803
2804
2854
2885
2941
2989
3149
3186
3223
3249
3269
3278
3452
3485
3501
3578
3623
3708
3757
4058
4099
4395
4485
4679
4691
4920
4925
4948
5018
5039
5057
5151
5218
5290
5463
5578
5595
5624
5883
6001
6090
6123
6156
6179
6364
6379
6555
6589
6685
6872
6928
6978
7041
7058
7096
7181
7551
7624
7760
7850
7864
7900
7941
7956
8032
8122
8156
8256
8426
8431
8489
8627
8644
8780
8791
8880
9092
9182
9212
9330
9350
9357
9362
9416
9813
9814
9864
9954
10006
10081
10091
10195
10220
10343
10370
10427
10453
10572
10835
10847
10884
10937
11016
11144
11171
11242
11249
11296
11386
11430
11510
11608
11704
11756
11765
11882
11983
12059
12120
12154
12205
12329
12389
12678
12723
12777
12873
12896
13030
13095
13255
13313
13349
13349
13597
13744
13794
13842
13946
14134
14316
14443
14594
14650
14769
14832
14945
15062
15294
15314
15341
15367
15539
15542
15621
15661
15736
15822
15824
15886
16114
16145
16200
16205
16238
16373
16735
16737
16755
16762
17007
17242
17251
17262
17433
17600
17754
17960
18034
18130
18134
18210
18289
18313
18338
18410
18415
18550
18933
18946
18949
19265
19280
19382
19638
19690
19728
19762
19845
19863
20016
20029
20228
20256
20349
20498
20527
20550
20578
20586
20892
21051
21073
21131
21289
21588
21709
21745
21881
22045
22054
22138
22375
22534
22676
22857
23017
23099
23135
23159
23198
23276
23450
23538
23594
23745
24192
24282
24482
24547
24584
24808
24895
24929
24958
25034
25293
25553
25578
25618
25626
25693
25776
25930
26138
26180
26392
26399
26454
26613
26698
26777
26849
27077
27147
27209
27359
27436
27454
27469
27527
27598
27620
27655
27793
28039
28106
28129
28175
28247
28289
28289
28555
28573
28699
28748
28758
29018
29127
29132
29265
29278
29294
29643
29699
29788
29929
29996
30130
30353
30607
30793
30865
31125
31162
31571
31576
31588
31675
31711
32143
32253
32257
32354
32383
32421
32450
32457
32467
32524
32798
32818
32819
33050
33067
33120
33145
33191
33332
33343
33367
33425
33427
33436
33514
33522
33566
33620
33734
33781
33816
34087
34097
34141
34155
34183
34863
34930
34978
35035
35091
35125
35265
35508
35512
35512
35631
35692
35694
35848
36061
36097
36135
36149
36200
36210
36275
36314
36321
36375
36626
36673
36819
36821
36849
36971
37067
37149
37152
37164
37202
37858
37916
37979
38135
38140
38238
38284
38334
38397
38410
38754
38828
38896
39004
39126
39131
39194
39261
39655
39842
39937
39962
39966
39993
40001
40158
40179
40241
40673
41123
41224
41248
41339
41406
41451
41476
41515
41517
41767
41805
41875
41889
41940
41995
42016
42043
42070
42485
42601
42867
42886
42977
43064
43354
43389
43443
43979
44367
44372
44433
44640
44645
44653
44655
44987
45726
45754
45904
46103
46111
46197
46249
46257
46360
46676
46750
46798
47233
47349
47434
47548
47766
47871
47922
48006
48104
48106
48330
48428
48441
48647
48739
48763
48790
48896
49021
49032
49188
49262
49279
49512
49737
49871
49896
49992
50065
50087
50145
50181
50198
50265
50308
50369
50456
51103
51165
51196
51579
51796
51829
51869
51872
51906
52212
52470
52473
52512
52514
52571
52669
52741
52776
52814
52889
52935
52947
53053
53145
53223
53394
53436
53440
53456
53504
53607
53637
53787
53858
53882
54077
54101
54437
54607
54617
54911
55167
55282
55594
55699
56565
56611
56621
56866
56888
56910
56953
57230
57333
57395
57400
57427
57449
57473
57522
57523
57772
57773
57819
58040
58143
58183
58204
58251
58330
58582
58727
58736
58801
59234
59402
59448
59589
59610
59694
59832
59994
60047
60060
60122
60193
60285
60673
60692
60802
60841
60928
61356
61919
61979
62421
62475
62536
62685
62781
62799
62852
62945
63454
63480
63517
63598
63630
63851
63881
63894
64135
64514
64638
64659
64741
64973
64979
65005
65068
65177
65302
65419
65524
65670
65801
65956
66005
66005
66058
66244
66418
66463
66582
66898
67004
67059
67081
67169
67206
67513
67799
67864
67990
68102
68175
68358
68421
68436
68483
68504
68529
68552
68665
68783
69054
69085
69093
69154
69182
69355
69355
69457
69705
69729
69779
69992
70095
70251
70351
70358
70699
70750
70849
71028
71059
71371
71440
71443
71487
71508
71528
71533
71622
71825
71956
71960
72113
72143
72162
72172
72277
72369
72441
72759
73148
73205
73250
73326
73437
73460
73642
73720
73764
74031
74053
74160
74224
74331
74449
74482
74494
74635
74814
74869
75012
75013
75043
75210
75824
75831
75850
75859
76185
76537
76781
76797
76859
76984
77018
77060
77235
77292
77325
77360
77386
77486
77635
77685
77777
78338
78361
78410
78597
78793
78857
78857
78980
79146
79158
79212
79358
79556
79664
79928
80037
80250
80309
80357
80552
80649
80810
80951
81063
81080
81147
81157
81187
81228
81342
81356
81494
81533
81664
81734
81754
81798
81928
81965
82007
82066
82091
82247
82337
82372
82398
82643
82663
82806
82866
82913
82914
83029
83292
83436
83760
83805
83845
83891
83957
84103
84127
84189
84197
84402
84556
84825
84935
85269
85304
85334
85341
85371
85407
85444
85580
85883
85952
86060
86124
86140
86282
86309
86380
86683
86835
87001
87156
87170
87225
87360
87371
87769
87868
87954
87987
88022
88087
88399
88405
88430
88488
88493
88503
88537
88581
88603
88638
88643
88694
88904
89031
89044
89268
89368
89429
89540
89544
89557
89666
89799
90012
90038
90149
90187
90206
90250
90266
90383
90424
90663
90823
90880
90903
90927
91200
91240
91366
91453
91454
91732
91818
91883
91998
92196
92234
92349
92361
92499
92602
92806
93116
93302
93345
93403
93571
93615
93692
93804
93881
93909
93935
94023
94133
94180
94286
94347
94392
94464
94513
94579
94787
94874
94909
95171
95273
95287
95442
95483
95569
95626
95666
95697
95733
95780
96111
96149
96180
96208
96331
96433
96488
96517
96523
96687
96700
96813
96842
96880
96956
96982
97007
97064
97293
97436
97461
97498
97535
97647
97662
97773
97838
97957
97959
98023
98086
98185
98377
98388
98429
98479
98615
98628
98792
98805
98891
98921
98982
99027
99161
99383
99385
99408
99519
99555
99629
99652
99710
99800
99837
99903
