1
6
34
39
52
74
77
79
82
104
112
122
130
135
149
153
164
167
171
171
201
212
239
242
253
263
275
275
275
278
317
348
356
356
365
366
370
414
432
433
441
447
455
470
493
507
530
535
539
558
563
570
571
602
610
613
639
642
706
707
713
717
745
746
749
753
759
781
787
788
811
826
834
840
841
844
858
858
862
864
867
873
873
883
889
898
899
900
900
901
907
911
940
946
948
954
959
969
978
997
1011
1044
1056
1062
1069
1083
1090
1116
1118
1128
1134
1139
1149
1149
1156
1164
1175
1178
1185
1194
1195
1203
1209
1222
1260
1262
1269
1272
1301
1305
1308
1331
1346
1350
1351
1360
1363
1368
1389
1391
1394
1419
1426
1427
1432
1440
1465
1473
1487
1501
1503
1507
1509
1514
1531
1537
1559
1571
1577
1582
1624
1636
1663
1666
1669
1687
1690
1702
1706
1707
1719
1734
1739
1752
1753
1753
1754
1757
1763
1765
1767
1769
1783
1789
1796
1804
1844
1852
1857
1869
1872
1877
1880
1884
1897
1923
1947
1966
1966
1975
1977
1989
2005
2022
2023
2033
2037
2043
2048
2055
2056
2057
2065
2075
2103
2105
2117
2153
2158
2197
2198
2210
2226
2231
2234
2239
2242
2273
2278
2278
2286
2288
2295
2304
2330
2334
2363
2364
2380
2393
2396
2405
2407
2413
2425
2443
2447
2451
2453
2456
2462
2466
2471
2471
2496
2499
2520
2520
2530
2531
2543
2545
2548
2555
2556
2566
2568
2582
2618
2622
2623
2632
2633
2641
2643
2648
2667
2679
2685
2710
2718
2729
2738
2765
2768
2792
2793
2795
2796
2797
2801
2823
2826
2841
2842
2848
2851
2869
2873
2892
2893
2894
2901
2906
2919
2932
2957
2958
2975
2996
3003
3017
3020
3030
3032
3034
3046
3049
3065
3077
3086
3099
3101
3114
3120
3121
3124
3128
3130
3140
3148
3150
3155
3168
3181
3187
3192
3201
3202
3243
3263
3265
3273
3283
3289
3289
3303
3307
3322
3328
3329
3346
3347
3367
3368
3372
3385
3388
3396
3466
3475
3482
3482
3483
3484
3505
3507
3510
3519
3523
3524
3535
3560
3583
3592
3593
3597
3602
3604
3616
3617
3625
3632
3653
3654
3671
3674
3678
3680
3690
3700
3700
3772
3777
3778
3782
3786
3808
3820
3836
3838
3873
3904
3904
3910
3913
3916
3921
3923
3953
3968
3972
3978
3984
3995
4003
4005
4006
4020
4025
4027
4074
4076
4078
4081
4090
4095
4100
4104
4136
4142
4165
4170
4171
4172
4179
4185
4212
4235
4237
4242
4253
4258
4263
4279
4282
4283
4288
4298
4300
4316
4320
4341
4397
4424
4427
4458
4462
4465
4475
4499
4507
4510
4510
4523
4525
4531
4542
4572
4581
4593
4617
4620
4621
4623
4630
4663
4665
4681
4686
4692
4702
4725
4731
4733
4736
4741
4760
4767
4769
4780
4802
4806
4817
4819
4822
4871
4896
4902
4905
4935
4956
4970
4977
4977
4990
4992
4996
4996
5010
5023
5028
5030
5036
5057
5059
5076
5083
5087
5089
5095
5103
5111
5119
5120
5132
5149
5175
5184
5192
5192
5194
5200
5200
5208
5209
5212
5227
5243
5243
5260
5260
5265
5276
5284
5291
5291
5296
5312
5336
5350
5364
5365
5372
5373
5408
5459
5459
5464
5472
5474
5481
5491
5498
5534
5535
5549
5559
5561
5585
5591
5595
5605
5627
5638
5680
5686
5703
5711
5724
5730
5735
5752
5775
5779
5787
5789
5791
5803
5808
5809
5857
5857
5861
5871
5872
5882
5883
5886
5889
5899
5901
5903
5904
5906
5907
5921
5924
5939
5946
5974
5982
5984
5987
5993
6016
6024
6025
6055
6062
6081
6089
6090
6106
6112
6146
6155
6168
6171
6175
6183
6191
6219
6224
6235
6240
6243
6252
6258
6264
6307
6308
6321
6322
6328
6334
6335
6342
6349
6384
6394
6423
6439
6441
6447
6473
6475
6493
6499
6528
6550
6559
6568
6575
6598
6603
6607
6617
6618
6620
6636
6654
6659
6667
6673
6682
6709
6727
6728
6734
6740
6744
6753
6753
6754
6758
6760
6780
6787
6789
6792
6796
6798
6801
6801
6801
6802
6824
6849
6850
6856
6874
6892
6912
6916
6916
6919
6921
6921
6926
6932
6939
6944
6949
6953
6956
6958
6960
6980
6995
6996
6998
7000
7010
7012
7024
7032
7044
7045
7045
7050
7057
7076
7137
7148
7160
7190
7218
7226
7227
7242
7250
7259
7265
7280
7294
7299
7306
7309
7311
7314
7317
7349
7351
7354
7360
7374
7383
7385
7395
7445
7447
7449
7461
7462
7471
7488
7497
7539
7540
7541
7548
7593
7594
7599
7603
7605
7610
7624
7624
7632
7647
7655
7669
7684
7690
7695
7695
7709
7715
7723
7728
7730
7741
7749
7758
7759
7760
7775
7781
7788
7789
7789
7792
7801
7809
7809
7813
7817
7830
7840
7857
7861
7874
7883
7897
7899
7902
7933
7937
7939
7952
7964
7966
7967
7971
7971
7985
7986
8002
8013
8020
8021
8031
8033
8037
8042
8058
8080
8086
8113
8119
8150
8152
8164
8183
8204
8223
8224
8225
8225
8248
8257
8280
8292
8295
8305
8309
8311
8314
8320
8327
8338
8338
8367
8383
8400
8409
8411
8422
8430
8441
8444
8460
8473
8482
8489
8498
8503
8526
8527
8530
8541
8548
8554
8554
8566
8587
8594
8612
8615
8620
8641
8659
8673
8699
8733
8741
8763
8790
8809
8826
8827
8847
8856
8874
8905
8913
8925
8927
8930
8955
8967
8969
8988
8994
9011
9015
9035
9046
9054
9055
9057
9086
9088
9100
9102
9106
9107
9111
9131
9145
9173
9176
9180
9187
9194
9200
9229
9256
9263
9264
9267
9269
9272
9278
9283
9287
9300
9302
9310
9317
9319
9319
9332
9351
9380
9390
9392
9398
9418
9425
9427
9429
9435
9447
9461
9474
9479
9486
9488
9512
9516
9527
9545
9555
9567
9578
9578
9588
9615
9616
9635
9637
9643
9650
9652
9664
9686
9686
9691
9694
9709
9710
9717
9720
9751
9774
9775
9781
9788
9795
9801
9825
9829
9836
9847
9849
9857
9860
9863
9870
9871
9891
9894
9921
9924
9929
9937
9940
9940
9946
9954
9967
9972
9984
9995
10011
10039
10049
10058
10086
10097
10104
10109
10116
10134
10145
10155
10159
10164
10164
10167
10178
10202
10209
10216
10223
10230
10248
10269
10288
10296
10309
10317
10322
10343
10344
10350
10355
10363
10364
10371
10375
10384
10385
10405
10408
10420
10423
10426
10427
10441
10446
10449
10464
10474
10490
10494
10517
10560
10560
10574
10586
10586
10587
10590
10615
10615
10616
10628
10642
10646
10665
10677
10688
10694
10707
10714
10715
10716
10736
10755
10775
10788
10788
10791
10791
10794
10795
10797
10799
10799
10808
10809
10816
10830
10835
10840
10855
10860
10872
10878
10894
10896
10904
10914
10916
10917
10925
10940
10943
10946
10978
10981
10989
11008
11009
11018
11028
11028
11048
11054
11070
11081
11082
11101
11115
11124
11126
11133
11144
11145
11154
11156
11160
11168
11168
11188
11198
11205
11210
11227
11231
11235
11238
11253
11259
11286
11289
11290
11293
11295
11298
11298
11314
11319
11330
11342
11343
11352
11366
11368
11394
11399
11400
11412
11418
11420
11423
11423
11437
11439
11442
11447
11450
11451
11466
11472
11476
11485
11493
11504
11514
11531
11538
11561
11567
11570
11570
11572
11604
11618
11623
11628
11637
11654
11658
11664
11671
11681
11681
11687
11692
11694
11697
11728
11733
11739
11744
11756
11780
11802
11804
11822
11829
11847
11847
11850
11854
11874
11880
11885
11889
11898
11903
11911
11921
11939
11942
11949
11968
11981
11982
12015
12016
12028
12056
12057
12062
12066
12079
12089
12093
12093
12094
12106
12108
12119
12130
12134
12161
12168
12168
12186
12189
12193
12200
12203
12205
12206
12207
12221
12228
12246
12251
12258
12261
12287
12298
12330
12331
12341
12344
12353
12369
12377
12378
12396
12408
12411
12412
12425
12434
12437
12444
12456
12458
12465
12467
12467
12488
12488
12492
12495
12500
12505
12513
12522
12560
12571
12577
12588
12588
12596
12608
12623
12624
12626
12626
12640
12649
12660
12661
12662
12672
12694
12705
12724
12734
12765
12794
12803
12805
12809
12810
12836
12836
12837
12844
12878
12886
12900
12901
12912
12931
12932
12934
12957
12961
12971
12988
13015
13034
13045
13075
13097
13101
13107
13124
13134
13159
13175
13178
13191
13193
13214
13222
13232
13237
13250
13254
13257
13264
13264
13266
13268
13271
13271
13278
13279
13284
13307
13346
13351
13361
13380
13391
13401
13406
13419
13420
13425
13440
13443
13470
13475
13482
13521
13539
13557
13564
13579
13627
13628
13629
13643
13652
13653
13655
13659
13679
13713
13727
13728
13730
13739
13746
13755
13771
13781
13782
13812
13813
13822
13822
13832
13841
13848
13861
13868
13888
13895
13915
13920
13923
13939
13940
13945
13945
13954
13955
13955
13977
13979
14000
14010
14030
14057
14062
14063
14070
14074
14076
14081
14096
14117
14120
14134
14141
14149
14175
14189
14191
14195
14203
14236
14237
14257
14259
14263
14267
14282
14316
14323
14340
14341
14342
14413
14417
14424
14425
14428
14433
14434
14447
14471
14475
14483
14486
14500
14500
14503
14522
14529
14532
14533
14544
14552
14556
14560
14561
14562
14586
14595
14598
14603
14605
14607
14609
14641
14642
14646
14659
14682
14685
14686
14693
14701
14703
14711
14714
14720
14751
14757
14757
14764
14773
14776
14779
14786
14803
14825
14825
14834
14835
14846
14849
14869
14873
14909
14913
14924
14941
14944
14957
14964
14965
14965
14968
14969
14971
14972
14974
14983
14990
14992
14996
15009
15011
15014
15015
15036
15054
15081
15082
15087
15089
15091
15099
15102
15123
15125
15125
15126
15128
15157
15163
15175
15182
15201
15218
15220
15224
15236
15290
15292
15292
15302
15330
15351
15360
15363
15370
15371
15377
15385
15403
15410
15416
15458
15475
15477
15482
15501
15509
15521
15521
15521
15535
15586
15588
15598
15605
15607
15616
15636
15639
15645
15648
15674
15684
15686
15691
15693
15693
15698
15702
15714
15715
15726
15731
15733
15743
15745
15764
15766
15781
15793
15796
15799
15803
15822
15834
15843
15869
15888
15897
15906
15906
15918
15919
15924
15937
15950
15964
15978
16001
16001
16012
16039
16064
16064
16090
16109
16118
16133
16148
16150
16173
16188
16204
16205
16207
16208
16243
16245
16256
16280
16292
16292
16294
16305
16318
16339
16351
16356
16376
16377
16403
16404
16404
16433
16440
16443
16445
16450
16454
16454
16476
16477
16492
16493
16512
16530
16532
16543
16546
16549
16577
16606
16610
16618
16628
16628
16630
16633
16643
16643
16645
16646
16652
16662
16668
16672
16672
16676
16678
16691
16716
16717
16734
16735
16748
16760
16767
16769
16784
16791
16794
16816
16833
16834
16847
16882
16913
16923
16949
16957
16957
17026
17026
17033
17042
17053
17053
17066
17071
17074
17074
17099
17111
17135
17141
17142
17149
17156
17156
17166
17179
17210
17217
17234
17244
17246
17250
17250
17253
17265
17278
17285
17334
17335
17353
17372
17394
17394
17406
17407
17412
17431
17455
17460
17462
17486
17489
17499
17502
17503
17524
17527
17530
17530
17537
17554
17557
17565
17570
17579
17600
17612
17631
17645
17665
17682
17686
17691
17705
17714
17720
17722
17735
17746
17770
17775
17780
17782
17787
17791
17798
17809
17843
17848
17853
17853
17873
17873
17876
17892
17916
17924
17927
17953
17956
17963
17966
17970
17973
18001
18003
18014
18034
18050
18058
18059
18060
18060
18073
18079
18081
18095
18113
18139
18142
18144
18150
18153
18155
18170
18174
18177
18178
18181
18181
18185
18198
18204
18215
18246
18263
18277
18284
18291
18321
18357
18377
18384
18391
18395
18418
18429
18441
18444
18445
18457
18464
18471
18471
18472
18474
18479
18488
18504
18543
18547
18554
18554
18583
18608
18608
18609
18621
18629
18634
18639
18653
18654
18656
18670
18674
18682
18688
18688
18733
18740
18743
18747
18766
18783
18794
18806
18814
18825
18828
18847
18866
18870
18875
18876
18881
18888
18896
18898
18933
18952
18967
18971
18983
18990
18992
18994
19017
19051
19055
19066
19066
19067
19077
19078
19081
19086
19090
19114
19130
19139
19139
19148
19151
19151
19155
19160
19164
19172
19176
19193
19200
19236
19240
19249
19250
19255
19268
19268
19271
19271
19298
19319
19322
19322
19326
19332
19344
19351
19390
19416
19428
19438
19442
19445
19448
19463
19466
19478
19489
19491
19494
19501
19505
19514
19522
19531
19540
19550
19559
19573
19588
19619
19644
19650
19654
19662
19677
19685
19686
19687
19688
19704
19705
19708
19725
19735
19736
19767
19774
19798
19803
19814
19834
19838
19842
19862
19884
19885
19889
19899
19902
19922
19947
19955
19957
19965
19970
19982
19989
19989
20005
20013
20016
20030
20035
20045
20055
20057
20068
20076
20090
20092
20102
20140
20150
20166
20205
20235
20267
20268
20278
20278
20297
20309
20314
20326
20329
20335
20336
20341
20341
20342
20366
20395
20399
20402
20412
20422
20430
20447
20468
20468
20474
20483
20489
20494
20519
20551
20561
20561
20561
20569
20569
20587
20591
20600
20600
20604
20610
20633
20657
20663
20698
20698
20699
20700
20715
20717
20724
20726
20734
20738
20741
20746
20788
20830
20835
20838
20840
20866
20867
20875
20879
20888
20907
20915
20919
20965
20971
20974
20985
20986
20987
20996
21014
21017
21018
21020
21020
21020
21027
21060
21062
21098
21110
21119
21122
21135
21138
21142
21168
21198
21203
21204
21218
21226
21257
21294
21304
21305
21308
21312
21329
21337
21355
21357
21372
21372
21373
21374
21418
21421
21426
21429
21440
21441
21443
21465
21468
21482
21487
21507
21511
21512
21513
21522
21522
21522
21524
21526
21530
21538
21551
21556
21568
21573
21574
21580
21586
21590
21596
21605
21606
21616
21645
21651
21663
21674
21678
21680
21683
21685
21717
21717
21723
21726
21759
21779
21791
21812
21823
21829
21845
21869
21873
21877
21891
21913
21932
21946
21949
21952
21957
21965
22006
22030
22038
22048
22050
22069
22077
22082
22095
22099
22103
22145
22156
22157
22164
22169
22172
22182
22183
22213
22213
22217
22225
22229
22241
22277
22292
22304
22315
22319
22334
22335
22345
22353
22362
22368
22395
22411
22412
22414
22416
22421
22425
22433
22455
22459
22461
22492
22493
22496
22511
22521
22523
22524
22534
22536
22540
22541
22545
22551
22558
22563
22563
22564
22567
22602
22626
22632
22637
22638
22650
22667
22675
22683
22689
22708
22719
22723
22730
22747
22751
22763
22763
22779
22794
22798
22802
22805
22812
22815
22839
22866
22871
22875
22884
22884
22890
22896
22906
22919
22927
22932
22954
22954
22960
22988
22991
23003
23012
23031
23039
23110
23142
23155
23156
23157
23167
23168
23171
23180
23185
23190
23190
23193
23196
23204
23211
23225
23226
23260
23267
23267
23269
23275
23275
23299
23301
23316
23326
23332
23335
23374
23376
23382
23389
23419
23445
23463
23474
23476
23523
23535
23564
23587
23589
23591
23592
23608
23626
23628
23637
23659
23680
23687
23688
23691
23693
23717
23718
23764
23770
23776
23778
23797
23798
23811
23816
23822
23828
23829
23838
23849
23866
23867
23870
23879
23892
23892
23908
23953
23960
23971
24006
24008
24010
24016
24024
24042
24055
24065
24069
24096
24107
24109
24111
24138
24139
24143
24155
24165
24178
24184
24198
24215
24237
24239
24248
24257
24282
24301
24320
24340
24341
24351
24358
24361
24369
24383
24384
24393
24396
24406
24408
24423
24428
24431
24434
24439
24445
24445
24486
24520
24531
24575
24589
24589
24604
24607
24611
24623
24632
24653
24664
24666
24674
24677
24680
24687
24703
24703
24703
24716
24721
24732
24732
24743
24751
24753
24753
24754
24764
24771
24773
24779
24784
24803
24807
24814
24815
24830
24831
24840
24851
24874
24881
24887
24887
24905
24907
24933
24944
24946
24972
24974
24974
24976
24980
24989
24992
25006
25008
25012
25014
25050
25059
25075
25100
25103
25107
25118
25129
25134
25141
25162
25162
25178
25197
25198
25220
25220
25240
25240
25242
25244
25250
25257
25270
25276
25289
25320
25321
25322
25323
25350
25352
25358
25374
25375
25397
25399
25403
25424
25437
25459
25465
25478
25486
25494
25513
25523
25526
25544
25545
25549
25552
25560
25569
25574
25574
25580
25584
25587
25592
25592
25600
25610
25612
25613
25618
25621
25632
25633
25639
25645
25650
25672
25675
25678
25699
25703
25703
25707
25730
25746
25768
25769
25771
25772
25781
25785
25792
25796
25796
25825
25842
25851
25853
25908
25923
25927
25937
25940
25947
25950
25964
25975
25985
25997
26009
26020
26031
26041
26075
26080
26091
26095
26103
26122
26143
26158
26182
26185
26214
26216
26228
26234
26248
26250
26254
26254
26262
26266
26273
26287
26288
26293
26316
26324
26330
26365
26367
26376
26383
26393
26396
26396
26401
26427
26435
26435
26447
26453
26455
26456
26457
26460
26467
26494
26501
26516
26527
26527
26560
26573
26578
26599
26609
26610
26616
26637
26645
26645
26690
26694
26697
26711
26712
26713
26725
26742
26757
26770
26772
26778
26785
26809
26812
26816
26816
26818
26820
26824
26825
26855
26863
26889
26899
26923
26940
26944
26946
26956
26957
26968
27002
27016
27044
27070
27071
27073
27079
27081
27089
27090
27096
27101
27103
27115
27139
27148
27156
27163
27169
27188
27204
27223
27232
27237
27238
27241
27254
27261
27282
27293
27294
27297
27307
27314
27321
27322
27325
27338
27349
27380
27402
27410
27412
27447
27449
27471
27472
27486
27518
27521
27532
27562
27580
27593
27615
27625
27628
27634
27634
27649
27650
27673
27719
27729
27758
27765
27766
27766
27769
27771
27772
27776
27783
27789
27796
27797
27808
27844
27845
27858
27859
27862
27863
27866
27873
27883
27899
27901
27910
27914
27920
27927
27931
27940
27942
27944
27953
27954
27958
27960
27963
27963
27990
28008
28012
28015
28038
28046
28058
28072
28078
28079
28091
28097
28100
28100
28113
28126
28133
28149
28164
28170
28173
28180
28181
28189
28192
28218
28235
28251
28256
28263
28279
28281
28287
28294
28315
28317
28319
28323
28352
28355
28367
28370
28372
28375
28377
28377
28385
28390
28407
28412
28413
28422
28450
28464
28483
28489
28494
28507
28512
28516
28526
28560
28579
28579
28584
28594
28613
28652
28656
28668
28697
28702
28739
28756
28763
28769
28773
28784
28787
28816
28846
28847
28854
28867
28868
28881
28905
28981
28989
28997
29015
29017
29019
29030
29047
29051
29057
29066
29074
29076
29078
29080
29083
29096
29100
29111
29118
29131
29152
29160
29161
29169
29182
29197
29199
29231
29233
29250
29257
29267
29270
29275
29279
29283
29299
29306
29309
29322
29325
29330
29335
29353
29376
29383
29384
29387
29392
29403
29413
29416
29419
29442
29467
29483
29491
29501
29511
29519
29520
29522
29549
29561
29567
29573
29575
29605
29635
29639
29652
29653
29661
29672
29687
29699
29702
29704
29705
29709
29711
29714
29718
29734
29741
29745
29783
29785
29795
29796
29800
29825
29831
29834
29836
29853
29854
29857
29863
29876
29879
29892
29911
29928
29935
29940
29943
29972
29980
29983
29987
29989
29994
30000
30006
30024
30031
30034
30057
30067
30071
30081
30093
30096
30105
30109
30126
30141
30145
30155
30182
30188
30197
30201
30217
30226
30242
30257
30285
30289
30293
30304
30326
30336
30341
30349
30361
30365
30367
30370
30377
30398
30415
30424
30430
30431
30469
30477
30488
30498
30501
30523
30535
30544
30550
30572
30576
30581
30590
30596
30615
30630
30630
30640
30643
30670
30675
30682
30685
30686
30691
30699
30705
30713
30713
30718
30721
30758
30782
30796
30810
30821
30833
30840
30847
30859
30864
30869
30871
30884
30885
30896
30905
30921
30925
30941
30944
30949
30957
30963
30983
30997
30998
31003
31007
31011
31022
31041
31058
31064
31073
31075
31092
31112
31125
31145
31147
31149
31150
31151
31158
31162
31166
31170
31172
31190
31193
31200
31204
31221
31237
31242
31251
31296
31299
31309
31323
31324
31324
31341
31350
31364
31368
31370
31377
31408
31417
31440
31453
31480
31489
31495
31509
31513
31517
31530
31542
31544
31552
31553
31558
31561
31587
31600
31636
31675
31677
31695
31697
31706
31709
31738
31742
31748
31752
31755
31761
31764
31766
31770
31790
31822
31827
31852
31860
31881
31889
31900
31902
31923
31923
31984
31987
31989
31990
32002
32004
32008
32025
32029
32051
32053
32063
32081
32096
32103
32106
32107
32116
32118
32125
32132
32133
32161
32162
32176
32179
32184
32185
32194
32198
32203
32231
32236
32236
32250
32256
32270
32279
32284
32315
32317
32317
32318
32331
32346
32349
32354
32360
32372
32388
32408
32415
32420
32424
32439
32441
32445
32450
32463
32500
32509
32519
32522
32525
32528
32537
32562
32565
32586
32603
32611
32613
32615
32641
32652
32658
32660
32690
32700
32713
32734
32749
32751
32758
32760
32773
32776
32782
32783
32785
32795
32796
32798
32806
32808
32812
32821
32824
32834
32835
32843
32849
32852
32872
32882
32887
32902
32902
32910
32931
32940
32943
32950
32970
32975
32983
32993
32999
33040
33048
33069
33074
33075
33085
33108
33113
33125
33145
33149
33173
33213
33217
33226
33240
33267
33271
33286
33291
33295
33296
33299
33306
33309
33318
33322
33332
33342
33360
33372
33376
33378
33387
33402
33404
33438
33443
33448
33449
33451
33464
33470
33489
33497
33503
33522
33529
33582
33587
33610
33641
33648
33662
33663
33671
33698
33710
33713
33715
33737
33745
33751
33764
33779
33782
33807
33812
33813
33832
33842
33844
33846
33848
33862
33867
33894
33900
33951
33964
33971
33975
34003
34013
34013
34028
34038
34050
34055
34059
34080
34093
34107
34115
34139
34146
34158
34158
34161
34168
34171
34178
34197
34207
34218
34227
34228
34229
34239
34257
34265
34269
34271
34280
34300
34301
34317
34328
34332
34334
34337
34351
34359
34360
34376
34413
34446
34449
34475
34486
34492
34496
34503
34504
34527
34532
34538
34542
34549
34557
34562
34591
34627
34637
34644
34651
34657
34659
34664
34665
34677
34688
34711
34730
34749
34760
34835
34835
34841
34844
34852
34853
34860
34886
34895
34922
34924
34926
34948
34951
34967
34969
34972
34987
34990
35038
35053
35057
35063
35097
35100
35104
35111
35118
35120
35121
35121
35122
35124
35126
35128
35139
35154
35155
35155
35159
35163
35174
35177
35204
35205
35209
35226
35229
35230
35233
35239
35252
35259
35279
35279
35281
35297
35298
35299
35307
35309
35323
35334
35337
35339
35350
35361
35367
35369
35387
35391
35401
35417
35440
35455
35461
35466
35472
35479
35485
35497
35505
35510
35513
35530
35549
35555
35561
35564
35567
35577
35579
35586
35586
35587
35591
35604
35609
35616
35624
35639
35667
35675
35676
35677
35688
35706
35707
35718
35719
35741
35757
35757
35772
35778
35783
35787
35791
35793
35800
35830
35834
35840
35851
35856
35858
35859
35873
35879
35901
35913
35944
35946
35947
35953
35962
35986
35989
35998
35998
35998
36007
36029
36070
36073
36075
36085
36085
36095
36115
36117
36133
36158
36175
36217
36219
36219
36227
36227
36233
36240
36267
36272
36274
36286
36307
36308
36330
36342
36344
36347
36399
36423
36471
36500
36507
36512
36542
36547
36564
36576
36586
36637
36637
36651
36661
36667
36681
36682
36683
36690
36690
36694
36700
36709
36712
36728
36732
36737
36738
36787
36816
36819
36826
36828
36833
36840
36846
36850
36860
36868
36878
36901
36914
36917
36923
36940
36945
36962
36966
36976
36988
36995
37026
37035
37051
37059
37069
37089
37110
37137
37140
37145
37156
37183
37191
37195
37198
37200
37201
37209
37211
37216
37217
37218
37232
37235
37241
37254
37257
37265
37265
37267
37268
37270
37282
37294
37299
37312
37315
37316
37333
37336
37339
37347
37359
37368
37413
37420
37422
37435
37439
37441
37446
37460
37470
37479
37506
37507
37516
37520
37521
37534
37557
37562
37564
37565
37579
37599
37639
37642
37647
37647
37681
37683
37690
37693
37707
37708
37752
37753
37756
37777
37783
37788
37797
37800
37801
37801
37807
37836
37849
37850
37890
37896
37905
37914
37916
37923
37972
37981
38007
38011
38012
38018
38028
38048
38050
38065
38074
38077
38079
38099
38103
38115
38135
38139
38144
38146
38151
38157
38157
38158
38160
38172
38176
38186
38191
38196
38218
38222
38230
38242
38246
38247
38262
38270
38291
38304
38319
38351
38353
38365
38371
38371
38372
38399
38406
38406
38427
38433
38459
38463
38472
38487
38521
38530
38538
38543
38562
38586
38593
38597
38610
38618
38627
38669
38673
38674
38695
38698
38702
38707
38726
38726
38735
38739
38740
38741
38750
38769
38769
38797
38817
38818
38823
38832
38832
38843
38859
38871
38876
38893
38898
38927
38935
38955
38964
38988
38990
38995
39010
39011
39016
39025
39031
39045
39049
39053
39055
39057
39069
39075
39085
39086
39095
39102
39106
39111
39114
39115
39138
39140
39150
39150
39152
39160
39161
39168
39186
39194
39198
39211
39224
39230
39232
39246
39247
39250
39266
39276
39291
39309
39316
39329
39329
39329
39338
39339
39346
39350
39368
39368
39382
39401
39410
39413
39422
39426
39434
39435
39444
39452
39452
39463
39477
39489
39493
39502
39513
39543
39545
39564
39568
39575
39592
39605
39605
39617
39623
39627
39632
39633
39633
39634
39637
39640
39640
39642
39646
39655
39669
39671
39675
39688
39689
39694
39729
39733
39739
39739
39739
39750
39787
39801
39801
39806
39807
39837
39849
39852
39857
39860
39877
39901
39904
39939
39942
39946
39947
39948
39967
39983
39986
39991
39998
40013
40016
40018
40020
40023
40024
40037
40051
40056
40091
40092
40169
40173
40178
40178
40186
40190
40195
40255
40257
40259
40261
40293
40311
40316
40326
40344
40351
40354
40380
40381
40397
40400
40401
40428
40432
40437
40454
40456
40525
40526
40531
40546
40558
40567
40573
40576
40589
40589
40595
40608
40625
40630
40653
40659
40662
40672
40682
40696
40696
40699
40699
40728
40747
40749
40771
40774
40781
40787
40795
40799
40808
40812
40815
40837
40842
40847
40855
40868
40868
40874
40879
40879
40902
40910
40920
40971
40979
40981
40992
40998
41008
41011
41023
41037
41041
41047
41049
41055
41065
41070
41080
41082
41084
41105
41106
41114
41114
41118
41123
41148
41149
41154
41161
41186
41191
41196
41216
41216
41221
41230
41242
41255
41265
41297
41299
41299
41303
41307
41307
41309
41319
41323
41342
41358
41375
41378
41379
41383
41386
41389
41398
41435
41450
41452
41466
41468
41475
41513
41515
41520
41534
41537
41538
41559
41569
41579
41585
41587
41596
41601
41601
41609
41624
41666
41677
41685
41689
41691
41737
41750
41757
41766
41775
41792
41798
41803
41808
41809
41811
41816
41821
41827
41837
41840
41841
41853
41856
41888
41913
41922
41932
41935
41962
41976
41985
41988
41994
41994
41997
41998
42016
42019
42026
42031
42083
42087
42088
42098
42120
42131
42144
42169
42196
42203
42206
42210
42210
42212
42223
42256
42265
42265
42267
42282
42286
42288
42290
42296
42303
42324
42347
42373
42375
42389
42406
42435
42440
42443
42449
42459
42460
42493
42516
42535
42542
42588
42639
42655
42658
42661
42664
42666
42678
42681
42690
42701
42706
42731
42740
42743
42744
42776
42782
42784
42796
42816
42817
42828
42829
42845
42845
42846
42848
42870
42882
42889
42933
42940
42970
42972
42988
43008
43016
43018
43022
43026
43052
43055
43070
43073
43080
43088
43092
43102
43106
43108
43122
43123
43144
43159
43178
43189
43204
43207
43223
43228
43228
43228
43231
43248
43258
43259
43312
43327
43336
43352
43357
43367
43370
43384
43386
43390
43392
43393
43393
43398
43420
43430
43436
43449
43485
43491
43504
43506
43510
43526
43533
43540
43553
43564
43566
43568
43580
43596
43620
43624
43636
43673
43675
43678
43704
43708
43710
43729
43738
43743
43763
43763
43770
43774
43794
43814
43841
43869
43885
43901
43920
43933
43938
43948
43964
43982
44020
44027
44058
44060
44068
44094
44095
44099
44100
44105
44106
44106
44147
44150
44152
44161
44175
44191
44200
44207
44208
44217
44228
44234
44244
44252
44286
44291
44294
44303
44337
44363
44378
44396
44396
44404
44412
44413
44415
44417
44450
44496
44498
44505
44506
44512
44527
44530
44531
44533
44534
44535
44550
44581
44582
44602
44603
44614
44620
44624
44624
44625
44627
44628
44635
44655
44656
44657
44657
44671
44672
44708
44715
44758
44761
44783
44813
44821
44832
44834
44835
44840
44842
44847
44853
44857
44863
44893
44932
44933
44944
44947
44950
44960
44965
44968
44969
44970
44974
44980
45014
45044
45050
45062
45070
45086
45119
45125
45134
45143
45151
45152
45168
45186
45192
45193
45215
45227
45235
45244
45248
45253
45262
45263
45267
45270
45288
45294
45307
45315
45318
45322
45327
45332
45341
45345
45347
45355
45367
45386
45391
45393
45395
45399
45400
45408
45414
45423
45432
45436
45451
45459
45472
45483
45485
45487
45497
45507
45536
45537
45544
45568
45601
45604
45607
45611
45614
45626
45633
45643
45650
45673
45674
45676
45701
45711
45745
45747
45763
45772
45812
45817
45827
45831
45836
45848
45880
45885
45913
45918
45920
45946
45980
45982
45990
46002
46009
46010
46018
46028
46061
46066
46067
46076
46076
46077
46079
46094
46106
46110
46121
46133
46145
46149
46161
46166
46167
46179
46200
46219
46225
46241
46249
46252
46287
46295
46306
46310
46336
46341
46342
46380
46392
46392
46403
46404
46405
46419
46419
46443
46444
46444
46466
46468
46482
46491
46512
46522
46543
46560
46595
46602
46606
46613
46617
46619
46623
46643
46658
46659
46660
46661
46664
46664
46667
46684
46750
46775
46781
46782
46784
46789
46799
46816
46817
46822
46833
46834
46839
46849
46860
46871
46871
46873
46874
46887
46908
46916
46921
46924
46929
46934
46934
46940
46954
46957
46971
46973
46992
47001
47020
47052
47068
47072
47079
47086
47089
47128
47161
47176
47189
47201
47204
47221
47226
47256
47257
47258
47282
47307
47310
47313
47325
47331
47346
47346
47353
47356
47362
47372
47373
47381
47388
47393
47399
47409
47415
47417
47423
47434
47439
47457
47461
47504
47536
47546
47549
47549
47552
47555
47555
47588
47592
47594
47603
47606
47610
47618
47630
47672
47678
47687
47688
47701
47702
47704
47715
47716
47718
47729
47753
47758
47776
47778
47779
47783
47791
47792
47795
47797
47807
47808
47810
47825
47834
47839
47843
47850
47851
47881
47891
47900
47900
47927
47935
47947
47954
47958
47959
47964
47972
47973
47979
47989
47995
48006
48013
48036
48041
48053
48064
48068
48074
48076
48080
48094
48095
48102
48108
48111
48112
48119
48141
48144
48179
48186
48209
48209
48211
48220
48222
48227
48228
48253
48266
48280
48292
48300
48301
48311
48329
48335
48351
48382
48383
48386
48398
48420
48423
48427
48433
48449
48467
48468
48478
48493
48493
48501
48511
48516
48521
48523
48523
48540
48560
48560
48568
48590
48596
48636
48640
48652
48654
48658
48666
48676
48677
48691
48741
48742
48745
48754
48775
48781
48788
48799
48810
48814
48820
48844
48863
48864
48866
48868
48929
48947
48952
48957
48967
48976
48979
48989
48994
49002
49052
49056
49068
49087
49127
49135
49150
49155
49163
49168
49205
49214
49225
49229
49245
49272
49284
49300
49311
49352
49359
49377
49379
49391
49400
49401
49404
49406
49417
49419
49420
49456
49476
49497
49500
49501
49508
49516
49517
49526
49537
49541
49557
49557
49558
49569
49603
49610
49623
49638
49650
49656
49658
49660
49663
49666
49666
49673
49682
49683
49685
49699
49699
49702
49711
49737
49737
49743
49751
49755
49761
49780
49780
49808
49816
49826
49832
49839
49844
49854
49854
49868
49870
49877
49885
49887
49901
49911
49924
49933
49948
49954
49959
49995
49998
50021
50023
50026
50029
50036
50046
50059
50077
50080
50084
50089
50117
50126
50137
50138
50152
50155
50164
50188
50207
50214
50230
50238
50239
50240
50241
50245
50265
50277
50292
50295
50301
50318
50332
50342
50359
50366
50384
50393
50396
50400
50405
50406
50428
50443
50450
50453
50459
50484
50512
50513
50527
50528
50530
50531
50544
50558
50563
50600
50600
50608
50615
50623
50633
50639
50656
50669
50685
50694
50696
50720
50721
50740
50777
50782
50795
50817
50830
50840
50859
50866
50875
50888
50890
50922
50937
50945
50972
50979
51002
51011
51025
51028
51035
51036
51057
51058
51064
51071
51092
51093
51094
51098
51113
51123
51147
51153
51153
51158
51170
51171
51173
51196
51234
51248
51255
51256
51256
51267
51273
51275
51280
51286
51287
51292
51299
51313
51313
51327
51342
51345
51368
51381
51382
51387
51390
51410
51416
51427
51443
51444
51455
51467
51477
51495
51495
51500
51505
51509
51516
51521
51539
51547
51567
51618
51640
51645
51661
51675
51689
51691
51704
51715
51715
51723
51740
51740
51767
51780
51787
51789
51796
51805
51805
51839
51840
51841
51847
51854
51857
51862
51880
51896
51901
51904
51905
51919
51922
51922
51942
51945
51945
51951
51955
51983
51997
51997
52003
52011
52015
52042
52054
52059
52065
52066
52073
52135
52146
52146
52152
52152
52163
52168
52174
52179
52189
52220
52225
52236
52243
52251
52257
52263
52263
52283
52284
52290
52301
52303
52336
52355
52355
52361
52370
52370
52378
52385
52390
52406
52453
52462
52480
52483
52492
52498
52506
52511
52511
52526
52549
52553
52600
52625
52634
52636
52642
52647
52669
52671
52679
52691
52699
52708
52738
52748
52752
52761
52762
52771
52773
52787
52830
52832
52832
52842
52845
52859
52881
52910
52920
52934
52942
52975
52981
52997
53012
53034
53054
53090
53091
53098
53136
53145
53154
53177
53183
53191
53228
53237
53239
53244
53247
53248
53276
53280
53281
53293
53320
53321
53357
53365
53372
53378
53391
53392
53392
53422
53425
53429
53441
53464
53470
53480
53481
53513
53515
53518
53521
53523
53524
53543
53550
53568
53570
53584
53598
53616
53626
53639
53673
53679
53705
53705
53707
53710
53715
53724
53732
53736
53763
53763
53771
53784
53791
53830
53847
53869
53875
53889
53890
53891
53898
53907
53919
53922
53927
53936
53936
53945
53952
53966
53973
53981
54011
54017
54020
54022
54023
54026
54026
54027
54050
54053
54066
54067
54086
54096
54105
54124
54153
54162
54169
54169
54172
54173
54189
54209
54211
54213
54213
54216
54220
54236
54237
54239
54245
54249
54260
54266
54281
54290
54314
54316
54319
54337
54353
54354
54371
54392
54405
54411
54419
54422
54433
54449
54470
54477
54477
54481
54492
54493
54497
54503
54505
54510
54533
54537
54566
54574
54576
54576
54582
54583
54585
54601
54623
54635
54640
54657
54662
54669
54670
54671
54676
54682
54688
54693
54698
54706
54708
54719
54721
54723
54728
54736
54737
54737
54774
54776
54787
54794
54810
54812
54824
54841
54852
54857
54857
54873
54896
54907
54916
54941
54941
54942
54946
54949
54955
54988
54997
55024
55031
55056
55058
55082
55084
55088
55108
55127
55131
55177
55200
55226
55233
55239
55245
55262
55290
55297
55317
55321
55334
55338
55369
55373
55390
55417
55439
55440
55440
55441
55455
55455
55459
55467
55503
55515
55516
55519
55549
55555
55556
55566
55569
55576
55583
55586
55608
55620
55623
55624
55632
55657
55659
55660
55671
55672
55680
55680
55681
55718
55737
55739
55744
55770
55809
55815
55822
55830
55831
55834
55840
55841
55844
55869
55877
55894
55910
55916
55931
55955
55962
55964
55981
55981
56000
56000
56001
56003
56004
56009
56009
56010
56011
56013
56046
56048
56053
56055
56083
56087
56093
56095
56097
56097
56118
56125
56133
56143
56146
56160
56160
56168
56169
56172
56179
56185
56201
56205
56211
56222
56226
56235
56269
56294
56304
56311
56322
56325
56377
56392
56396
56400
56425
56460
56463
56474
56474
56476
56481
56524
56534
56535
56544
56568
56587
56594
56622
56627
56636
56646
56658
56666
56678
56681
56684
56693
56694
56705
56713
56714
56730
56738
56749
56760
56782
56784
56791
56802
56804
56812
56851
56856
56860
56861
56864
56874
56879
56900
56901
56903
56929
56930
56931
56940
56949
56956
56972
56979
56993
57003
57008
57017
57019
57024
57031
57040
57050
57074
57075
57082
57091
57091
57093
57096
57100
57106
57168
57175
57175
57186
57190
57190
57196
57203
57212
57212
57223
57233
57234
57261
57277
57279
57315
57317
57320
57328
57331
57335
57345
57351
57360
57375
57377
57380
57411
57418
57421
57445
57449
57449
57451
57455
57466
57467
57471
57481
57486
57503
57509
57516
57531
57540
57543
57570
57600
57602
57603
57611
57611
57625
57654
57661
57681
57681
57721
57723
57727
57733
57756
57766
57768
57769
57775
57795
57798
57810
57854
57860
57861
57867
57870
57878
57881
57885
57892
57893
57897
57907
57912
57934
57939
57939
57965
57967
57970
57972
57995
58000
58017
58030
58036
58038
58042
58072
58079
58085
58087
58090
58092
58092
58097
58103
58109
58120
58124
58132
58132
58156
58161
58161
58165
58173
58190
58199
58207
58213
58216
58234
58234
58236
58238
58249
58249
58250
58251
58258
58278
58295
58297
58298
58304
58315
58339
58339
58347
58347
58392
58393
58401
58404
58424
58425
58427
58431
58439
58471
58476
58478
58481
58483
58491
58504
58517
58518
58518
58520
58522
58538
58559
58566
58586
58608
58612
58621
58625
58626
58630
58631
58647
58649
58649
58662
58666
58679
58692
58696
58717
58726
58728
58729
58739
58743
58743
58747
58752
58754
58759
58774
58775
58776
58782
58782
58801
58820
58830
58838
58838
58839
58839
58841
58856
58858
58867
58872
58890
58898
58901
58902
58911
58912
58918
58928
58932
58950
58952
58964
58975
58976
58979
58982
58985
59000
59005
59030
59032
59057
59071
59074
59074
59078
59091
59091
59093
59095
59096
59112
59116
59134
59144
59168
59175
59179
59190
59195
59201
59207
59209
59219
59241
59283
59293
59293
59295
59306
59308
59316
59331
59338
59343
59344
59355
59355
59366
59381
59383
59395
59409
59421
59430
59442
59449
59451
59475
59490
59491
59516
59518
59520
59535
59571
59581
59583
59585
59591
59598
59601
59603
59615
59617
59658
59660
59668
59680
59682
59696
59709
59713
59737
59750
59753
59777
59780
59781
59785
59794
59827
59829
59830
59837
59847
59850
59864
59867
59871
59889
59903
59917
59919
59921
59926
59947
59969
59978
59980
59982
60003
60009
60017
60021
60073
60089
60091
60099
60099
60110
60110
60128
60214
60217
60233
60245
60264
60266
60281
60286
60288
60300
60310
60312
60314
60327
60327
60328
60330
60334
60335
60339
60342
60353
60358
60386
60392
60393
60397
60402
60405
60408
60434
60446
60449
60452
60469
60482
60483
60483
60506
60510
60516
60516
60523
60537
60546
60602
60628
60634
60636
60637
60648
60661
60662
60665
60682
60688
60706
60709
60747
60763
60767
60786
60795
60798
60798
60799
60805
60810
60811
60831
60847
60849
60852
60860
60872
60878
60905
60918
60928
60984
60987
60996
61009
61009
61025
61025
61047
61080
61111
61115
61131
61131
61137
61137
61174
61189
61203
61207
61219
61232
61273
61284
61293
61315
61334
61349
61363
61368
61370
61384
61387
61396
61400
61415
61428
61429
61430
61433
61440
61472
61475
61478
61480
61481
61489
61514
61532
61538
61546
61548
61566
61579
61597
61604
61624
61630
61637
61651
61676
61689
61706
61715
61726
61733
61733
61742
61743
61750
61758
61772
61780
61780
61799
61811
61817
61831
61841
61856
61868
61874
61878
61880
61883
61886
61890
61891
61896
61902
61904
61932
61932
61958
61967
61977
61989
61998
62001
62015
62019
62020
62039
62043
62045
62056
62061
62095
62134
62144
62151
62165
62172
62183
62193
62204
62207
62218
62223
62226
62241
62267
62293
62302
62312
62332
62344
62352
62355
62358
62386
62414
62417
62435
62446
62449
62450
62457
62470
62471
62484
62485
62486
62539
62549
62564
62573
62578
62579
62600
62600
62624
62632
62633
62638
62646
62657
62661
62665
62691
62697
62708
62712
62724
62734
62740
62774
62789
62793
62798
62808
62820
62831
62840
62846
62850
62853
62854
62871
62934
62937
62953
62973
62975
62983
62987
63007
63019
63023
63046
63053
63061
63064
63064
63065
63070
63086
63096
63097
63099
63115
63119
63125
63132
63141
63142
63170
63175
63175
63180
63204
63227
63228
63234
63241
63248
63251
63256
63274
63290
63293
63298
63301
63306
63312
63314
63335
63337
63342
63367
63374
63379
63382
63390
63413
63450
63456
63465
63476
63480
63482
63533
63538
63554
63558
63560
63575
63582
63592
63597
63606
63621
63639
63648
63652
63654
63654
63673
63676
63676
63679
63679
63680
63694
63697
63697
63704
63714
63731
63732
63758
63761
63767
63783
63812
63813
63830
63834
63842
63844
63844
63846
63848
63858
63872
63883
63903
63903
63903
63906
63908
63915
63933
63951
63954
63959
63961
63966
63986
63991
63992
64002
64025
64043
64054
64063
64069
64070
64082
64090
64107
64121
64128
64132
64156
64159
64164
64174
64180
64188
64196
64200
64228
64231
64233
64238
64273
64288
64299
64303
64305
64324
64345
64351
64358
64359
64368
64448
64454
64483
64484
64502
64508
64535
64549
64551
64557
64589
64589
64600
64616
64617
64634
64635
64649
64720
64737
64748
64756
64761
64761
64762
64784
64787
64788
64790
64796
64798
64825
64829
64845
64846
64850
64856
64857
64888
64897
64898
64910
64920
64931
64962
64972
64980
64990
64991
65018
65032
65045
65055
65070
65071
65081
65096
65106
65107
65115
65121
65123
65130
65141
65150
65155
65171
65174
65177
65184
65191
65198
65206
65211
65215
65226
65227
65231
65235
65239
65246
65251
65266
65290
65293
65296
65299
65300
65315
65317
65317
65336
65341
65342
65349
65366
65396
65401
65418
65426
65432
65441
65448
65449
65461
65473
65474
65478
65511
65512
65513
65518
65535
65537
65541
65548
65561
65563
65576
65578
65585
65596
65604
65615
65617
65629
65641
65657
65667
65677
65725
65737
65739
65749
65765
65778
65795
65804
65810
65822
65831
65840
65849
65862
65863
65869
65873
65882
65895
65906
65909
65914
65955
65961
65971
65971
65976
65982
65987
65987
65996
66008
66040
66045
66047
66053
66067
66078
66087
66088
66093
66117
66122
66133
66141
66151
66151
66152
66159
66164
66174
66184
66187
66209
66224
66229
66233
66234
66284
66303
66305
66311
66327
66332
66367
66373
66380
66381
66385
66394
66398
66403
66409
66422
66428
66430
66438
66441
66441
66450
66475
66482
66528
66537
66540
66549
66549
66556
66557
66567
66571
66571
66572
66604
66624
66626
66642
66668
66670
66673
66674
66678
66681
66715
66719
66732
66749
66753
66766
66769
66776
66778
66800
66801
66826
66843
66852
66858
66859
66879
66880
66901
66906
66907
66913
66914
66917
66921
66923
66943
66953
66954
66964
66967
66981
66989
66997
67010
67030
67032
67035
67042
67043
67045
67051
67068
67098
67104
67121
67123
67126
67153
67163
67164
67166
67168
67170
67196
67209
67224
67227
67233
67243
67245
67245
67249
67255
67256
67257
67257
67264
67288
67297
67311
67311
67329
67344
67346
67357
67378
67380
67416
67421
67423
67431
67444
67454
67474
67501
67512
67512
67529
67548
67563
67564
67573
67578
67590
67597
67608
67630
67647
67651
67682
67713
67729
67729
67739
67747
67764
67771
67777
67794
67800
67809
67820
67827
67835
67837
67839
67848
67849
67849
67850
67865
67874
67875
67878
67915
67933
67934
67949
67952
67997
68013
68017
68020
68021
68028
68048
68054
68074
68103
68113
68120
68133
68145
68150
68199
68209
68214
68217
68217
68220
68225
68230
68252
68261
68266
68277
68278
68303
68306
68328
68330
68335
68345
68366
68373
68398
68399
68401
68403
68424
68427
68429
68463
68468
68471
68485
68498
68523
68527
68548
68562
68565
68574
68587
68588
68588
68588
68589
68591
68592
68597
68609
68609
68637
68643
68654
68683
68694
68726
68734
68755
68758
68779
68780
68788
68799
68825
68831
68836
68840
68869
68879
68879
68880
68884
68903
68934
68940
68950
68962
68963
68966
68999
69005
69018
69026
69041
69053
69085
69093
69094
69109
69113
69142
69146
69165
69166
69186
69189
69206
69215
69228
69263
69270
69295
69326
69371
69383
69386
69403
69409
69416
69417
69435
69439
69448
69457
69464
69464
69501
69520
69565
69569
69588
69610
69613
69613
69619
69656
69661
69677
69707
69709
69711
69716
69718
69721
69743
69749
69757
69760
69774
69778
69785
69797
69798
69803
69821
69845
69845
69852
69858
69866
69870
69872
69911
69929
69930
69931
69956
69966
69980
69986
70003
70006
70010
70011
70018
70034
70046
70049
70059
70068
70079
70113
70122
70127
70129
70137
70148
70161
70164
70179
70184
70186
70198
70215
70217
70224
70234
70251
70252
70265
70273
70290
70294
70297
70297
70299
70310
70327
70359
70363
70389
70392
70399
70433
70435
70461
70487
70489
70502
70516
70526
70556
70556
70585
70593
70597
70598
70603
70605
70633
70647
70654
70658
70665
70690
70692
70747
70770
70774
70778
70781
70790
70796
70819
70838
70854
70872
70878
70890
70893
70904
70908
70908
70924
70936
70937
70956
70970
70973
70981
70988
70996
71012
71045
71047
71052
71062
71072
71091
71104
71106
71116
71122
71122
71163
71166
71170
71170
71177
71178
71178
71182
71186
71199
71211
71222
71226
71232
71235
71267
71268
71279
71280
71280
71283
71283
71295
71298
71303
71317
71334
71344
71348
71349
71351
71354
71361
71386
71386
71402
71422
71436
71448
71451
71455
71495
71498
71505
71509
71520
71550
71554
71603
71607
71613
71636
71640
71655
71659
71672
71672
71686
71690
71707
71731
71732
71737
71750
71752
71763
71769
71779
71797
71808
71832
71837
71847
71853
71862
71890
71905
71911
71935
71940
71956
71962
71965
71967
71982
71986
72003
72030
72046
72047
72100
72119
72128
72130
72131
72153
72158
72161
72191
72204
72210
72221
72227
72228
72228
72229
72236
72257
72278
72290
72296
72301
72302
72333
72335
72338
72339
72350
72359
72392
72392
72401
72403
72410
72418
72438
72462
72487
72501
72509
72512
72521
72528
72536
72546
72565
72591
72596
72597
72604
72605
72607
72618
72618
72637
72693
72700
72702
72727
72728
72738
72755
72772
72776
72780
72792
72803
72811
72831
72847
72855
72858
72859
72861
72862
72899
72924
72955
72963
72965
72977
72987
73001
73012
73033
73039
73040
73043
73050
73071
73087
73088
73092
73101
73124
73147
73151
73161
73169
73170
73178
73182
73204
73211
73225
73250
73263
73279
73283
73296
73310
73311
73315
73319
73335
73340
73344
73356
73360
73379
73390
73393
73400
73406
73409
73419
73431
73437
73464
73485
73535
73543
73546
73555
73556
73573
73576
73577
73592
73595
73621
73625
73629
73638
73650
73687
73712
73712
73720
73761
73776
73799
73804
73816
73818
73825
73825
73836
73837
73855
73862
73864
73865
73866
73887
73915
73917
73917
73961
73966
73971
73973
73973
73990
74001
74012
74014
74020
74032
74043
74056
74057
74073
74074
74098
74103
74104
74114
74127
74130
74130
74141
74162
74166
74170
74197
74208
74217
74218
74219
74219
74227
74231
74235
74240
74261
74274
74284
74300
74307
74313
74328
74334
74340
74359
74365
74371
74383
74394
74403
74407
74457
74465
74468
74473
74477
74480
74498
74508
74511
74558
74562
74567
74572
74573
74577
74583
74653
74662
74663
74665
74682
74694
74697
74702
74719
74727
74739
74749
74758
74760
74769
74778
74781
74783
74794
74795
74798
74824
74827
74856
74858
74877
74878
74892
74911
74916
74917
74937
74950
74974
74975
75009
75035
75041
75043
75062
75074
75083
75093
75113
75115
75115
75126
75128
75133
75134
75150
75173
75183
75204
75204
75213
75218
75226
75245
75280
75286
75306
75309
75334
75361
75399
75408
75411
75414
75418
75422
75423
75424
75441
75445
75446
75453
75455
75460
75478
75480
75481
75490
75549
75567
75572
75574
75578
75591
75594
75604
75609
75628
75637
75642
75671
75684
75686
75700
75702
75717
75732
75743
75745
75747
75758
75777
75793
75804
75819
75825
75833
75850
75867
75878
75897
75902
75906
75909
75918
75928
75938
75950
75952
75952
75957
75966
75983
75985
75990
76020
76029
76053
76071
76082
76104
76105
76107
76113
76116
76125
76144
76150
76181
76208
76216
76239
76245
76248
76250
76261
76281
76285
76295
76299
76307
76331
76333
76342
76343
76351
76357
76381
76399
76403
76408
76410
76431
76436
76472
76482
76485
76489
76506
76517
76532
76533
76539
76543
76567
76597
76610
76615
76648
76664
76668
76669
76676
76690
76717
76723
76738
76741
76755
76763
76765
76767
76774
76798
76802
76804
76821
76830
76847
76851
76874
76900
76901
76903
76910
76949
76952
76963
76993
77032
77044
77055
77069
77075
77076
77089
77104
77114
77117
77118
77133
77137
77137
77142
77144
77155
77187
77188
77192
77215
77216
77247
77252
77255
77259
77284
77285
77308
77317
77324
77334
77345
77386
77400
77414
77416
77430
77451
77452
77473
77478
77487
77500
77504
77547
77559
77563
77567
77579
77586
77587
77588
77596
77597
77602
77622
77651
77661
77663
77665
77685
77687
77694
77719
77722
77730
77739
77741
77748
77760
77761
77762
77767
77773
77789
77810
77813
77819
77848
77856
77868
77885
77893
77896
77908
77916
77933
77984
77989
78005
78009
78014
78018
78036
78037
78044
78047
78049
78053
78066
78081
78090
78095
78098
78111
78171
78202
78203
78237
78239
78268
78272
78285
78289
78305
78305
78310
78336
78340
78344
78349
78350
78363
78376
78376
78392
78393
78402
78421
78450
78453
78458
78461
78466
78474
78484
78486
78489
78503
78505
78505
78518
78530
78556
78560
78563
78571
78584
78595
78612
78631
78633
78645
78651
78651
78671
78671
78699
78721
78721
78727
78738
78739
78753
78789
78800
78807
78818
78818
78822
78822
78824
78830
78837
78856
78856
78861
78870
78877
78910
78930
78932
78937
78952
78963
78979
79020
79033
79041
79042
79051
79055
79077
79096
79161
79189
79191
79199
79211
79214
79219
79224
79231
79232
79235
79242
79242
79245
79248
79267
79275
79278
79279
79292
79294
79299
79317
79374
79376
79379
79397
79406
79409
79416
79424
79435
79452
79454
79456
79458
79479
79499
79517
79522
79532
79534
79536
79539
79540
79546
79551
79551
79555
79559
79559
79597
79608
79614
79636
79637
79641
79648
79650
79660
79663
79706
79719
79725
79741
79757
79763
79763
79768
79770
79779
79785
79795
79808
79811
79828
79842
79845
79847
79854
79863
79863
79870
79899
79901
79902
79922
79929
79935
79943
79949
79951
79954
79957
79961
79966
79981
79982
79993
80010
80011
80030
80033
80050
80060
80073
80095
80098
80101
80120
80121
80133
80140
80150
80153
80154
80158
80212
80232
80233
80238
80240
80249
80282
80291
80309
80310
80311
80315
80323
80327
80333
80335
80347
80358
80363
80377
80378
80398
80410
80414
80415
80415
80421
80430
80491
80498
80500
80507
80514
80518
80518
80525
80527
80532
80534
80539
80557
80568
80571
80575
80599
80607
80616
80628
80629
80631
80640
80640
80653
80658
80658
80665
80689
80690
80699
80704
80706
80745
80761
80774
80783
80783
80788
80796
80805
80823
80826
80828
80829
80839
80841
80842
80851
80851
80852
80864
80870
80875
80884
80885
80899
80916
80917
80918
80939
80941
80944
80949
80964
80990
80997
81004
81006
81010
81034
81042
81052
81075
81080
81085
81102
81110
81117
81152
81195
81196
81206
81214
81246
81264
81280
81288
81293
81311
81313
81313
81327
81328
81346
81356
81362
81364
81364
81379
81384
81396
81400
81413
81428
81447
81453
81462
81469
81473
81495
81516
81524
81550
81552
81554
81568
81574
81586
81592
81604
81605
81608
81626
81626
81628
81649
81674
81690
81697
81743
81746
81752
81791
81791
81798
81800
81804
81808
81809
81815
81817
81836
81854
81855
81864
81874
81896
81913
81917
81919
81951
81952
81954
81961
81961
81969
81976
81986
81995
82004
82015
82034
82034
82035
82046
82082
82105
82105
82105
82124
82126
82129
82137
82153
82171
82173
82187
82196
82214
82220
82243
82254
82258
82284
82289
82323
82329
82346
82347
82351
82356
82361
82386
82389
82389
82394
82404
82424
82435
82435
82442
82445
82447
82447
82461
82463
82472
82485
82489
82490
82499
82507
82526
82530
82533
82541
82587
82595
82602
82605
82613
82614
82639
82641
82657
82677
82683
82702
82704
82713
82719
82724
82725
82730
82737
82742
82748
82750
82754
82765
82798
82804
82816
82818
82830
82832
82832
82833
82841
82846
82873
82892
82897
82901
82914
82918
82955
82972
82977
82990
82992
83019
83029
83034
83066
83069
83089
83090
83099
83117
83124
83131
83134
83158
83161
83163
83163
83169
83187
83202
83209
83222
83238
83239
83245
83251
83266
83287
83288
83309
83339
83348
83364
83368
83371
83394
83399
83400
83421
83424
83425
83428
83439
83441
83473
83483
83483
83486
83514
83560
83576
83584
83588
83596
83606
83621
83622
83623
83627
83629
83660
83664
83665
83666
83667
83668
83697
83700
83703
83711
83724
83735
83739
83741
83751
83784
83788
83788
83795
83796
83806
83831
83834
83843
83891
83897
83900
83902
83912
83926
83928
83949
83955
83961
83975
83979
83980
83993
84001
84009
84021
84023
84029
84036
84046
84050
84065
84065
84101
84102
84107
84109
84114
84115
84147
84148
84149
84161
84180
84191
84226
84243
84255
84267
84269
84276
84279
84329
84333
84345
84351
84371
84376
84378
84381
84381
84384
84385
84390
84391
84402
84411
84419
84420
84447
84452
84455
84462
84468
84482
84498
84501
84512
84529
84530
84541
84544
84553
84556
84570
84572
84585
84597
84612
84614
84615
84618
84636
84644
84650
84656
84669
84674
84676
84678
84680
84687
84694
84696
84707
84708
84710
84719
84720
84742
84743
84762
84773
84797
84798
84805
84812
84819
84822
84833
84853
84913
84914
84918
84921
84922
84928
84929
84944
84952
84953
84958
84969
84979
84981
84998
85003
85040
85051
85080
85081
85103
85109
85112
85117
85141
85142
85142
85171
85189
85201
85203
85203
85205
85215
85216
85225
85228
85232
85245
85270
85272
85273
85312
85312
85319
85321
85322
85322
85325
85357
85360
85373
85380
85400
85413
85415
85417
85418
85420
85456
85468
85482
85486
85503
85523
85532
85557
85577
85581
85585
85606
85614
85617
85621
85621
85638
85641
85645
85647
85651
85665
85681
85681
85693
85696
85699
85699
85706
85716
85723
85750
85754
85767
85770
85773
85784
85793
85801
85813
85824
85833
85846
85850
85870
85871
85887
85890
85898
85916
85916
85933
85933
85938
85941
85951
85969
85984
85986
85990
86005
86008
86010
86016
86016
86034
86039
86043
86057
86062
86069
86099
86102
86108
86126
86135
86138
86151
86171
86205
86220
86228
86230
86239
86251
86274
86292
86338
86340
86388
86390
86393
86412
86446
86462
86468
86473
86477
86493
86543
86549
86558
86558
86578
86583
86586
86590
86598
86601
86605
86610
86616
86626
86635
86641
86652
86663
86664
86671
86692
86716
86726
86753
86775
86809
86866
86869
86875
86879
86883
86892
86920
86945
86968
86981
86985
86988
87056
87062
87065
87073
87084
87085
87086
87133
87135
87137
87147
87164
87170
87175
87179
87191
87203
87204
87217
87230
87235
87236
87246
87259
87261
87263
87282
87291
87301
87302
87308
87310
87321
87338
87345
87370
87372
87403
87407
87414
87425
87439
87444
87462
87471
87484
87501
87516
87518
87553
87559
87560
87567
87570
87576
87587
87593
87595
87623
87625
87637
87643
87649
87651
87663
87665
87682
87697
87702
87713
87718
87722
87741
87747
87753
87802
87810
87838
87846
87870
87890
87892
87903
87904
87916
87934
87935
87947
87991
87993
88009
88015
88021
88036
88087
88090
88098
88101
88106
88113
88161
88167
88179
88207
88213
88213
88216
88218
88223
88231
88234
88262
88265
88276
88287
88294
88304
88304
88310
88311
88312
88334
88340
88358
88362
88370
88381
88385
88398
88399
88399
88399
88423
88425
88436
88443
88481
88489
88492
88526
88555
88559
88564
88585
88633
88655
88657
88672
88674
88680
88683
88690
88701
88712
88725
88733
88742
88752
88757
88781
88781
88784
88791
88793
88794
88800
88803
88817
88827
88849
88860
88861
88878
88882
88890
88893
88894
88895
88925
88931
88953
88954
88971
88978
88978
88984
88999
89009
89035
89035
89051
89056
89063
89076
89080
89084
89085
89094
89103
89106
89123
89150
89168
89173
89174
89176
89177
89213
89233
89259
89263
89266
89289
89304
89321
89323
89325
89330
89331
89337
89344
89347
89363
89370
89375
89387
89400
89400
89402
89430
89437
89439
89441
89447
89454
89460
89466
89475
89487
89488
89489
89494
89504
89514
89515
89525
89529
89539
89545
89549
89552
89577
89592
89598
89599
89599
89601
89619
89635
89648
89654
89669
89680
89695
89728
89748
89749
89753
89766
89778
89785
89788
89789
89792
89792
89798
89818
89820
89825
89831
89833
89840
89841
89848
89855
89881
89898
89898
89908
89923
89927
89949
89973
90024
90030
90035
90039
90050
90053
90057
90059
90071
90083
90093
90098
90119
90128
90129
90145
90166
90170
90175
90183
90191
90196
90201
90201
90204
90225
90234
90256
90259
90268
90276
90283
90285
90297
90299
90299
90309
90324
90331
90345
90354
90387
90418
90425
90427
90428
90431
90435
90446
90448
90453
90453
90454
90461
90479
90481
90483
90503
90514
90514
90516
90517
90529
90556
90567
90583
90598
90610
90629
90636
90646
90652
90654
90670
90675
90681
90681
90682
90690
90724
90765
90776
90780
90785
90792
90792
90799
90806
90812
90827
90836
90853
90862
90877
90902
90904
90907
90933
90943
90951
90958
90959
90962
90965
90974
90976
90981
90988
90989
91033
91044
91046
91055
91067
91080
91085
91086
91090
91100
91105
91112
91115
91144
91170
91170
91185
91192
91194
91200
91218
91227
91237
91243
91253
91259
91263
91284
91300
91307
91310
91315
91318
91318
91323
91332
91336
91361
91378
91383
91383
91401
91407
91423
91426
91443
91454
91458
91462
91466
91494
91504
91512
91518
91518
91520
91528
91529
91532
91584
91587
91596
91605
91608
91617
91626
91642
91644
91649
91652
91654
91677
91678
91691
91698
91707
91707
91711
91717
91719
91744
91747
91775
91797
91813
91842
91865
91879
91885
91897
91897
91900
91907
91907
91921
91949
91955
91959
91993
92019
92043
92051
92051
92053
92058
92071
92079
92081
92082
92093
92105
92124
92126
92130
92139
92148
92157
92158
92162
92174
92179
92180
92192
92192
92196
92230
92236
92239
92260
92281
92285
92313
92315
92330
92362
92363
92366
92386
92393
92424
92427
92428
92434
92438
92442
92444
92463
92476
92478
92479
92483
92489
92496
92502
92521
92524
92543
92555
92556
92558
92558
92568
92571
92594
92655
92662
92663
92672
92673
92677
92685
92688
92707
92729
92731
92740
92743
92744
92753
92757
92758
92765
92767
92814
92814
92815
92815
92820
92829
92838
92848
92868
92871
92881
92884
92887
92890
92905
92906
92912
92919
92919
92919
92921
92927
92933
92940
92953
92964
92964
92988
92989
93004
93006
93008
93009
93012
93035
93044
93054
93054
93055
93079
93082
93085
93096
93113
93134
93134
93136
93144
93144
93158
93158
93163
93167
93187
93193
93203
93205
93209
93227
93229
93229
93266
93270
93271
93279
93283
93295
93326
93330
93356
93358
93370
93406
93434
93435
93451
93463
93468
93483
93487
93496
93498
93502
93518
93530
93548
93550
93559
93561
93564
93588
93601
93629
93634
93638
93658
93661
93663
93669
93684
93685
93687
93707
93709
93729
93733
93734
93737
93743
93747
93751
93770
93772
93785
93791
93801
93822
93846
93855
93863
93864
93874
93886
93913
93913
93954
93957
93971
93979
94002
94014
94020
94042
94043
94063
94078
94102
94105
94115
94123
94128
94129
94131
94151
94154
94155
94173
94175
94176
94187
94188
94198
94203
94224
94227
94243
94245
94259
94261
94269
94272
94283
94294
94333
94343
94354
94355
94357
94374
94375
94392
94403
94407
94425
94459
94465
94476
94490
94496
94508
94531
94539
94558
94559
94559
94562
94576
94578
94585
94594
94601
94606
94609
94622
94625
94625
94626
94626
94630
94653
94654
94669
94669
94680
94695
94701
94717
94719
94723
94739
94759
94805
94807
94807
94820
94823
94824
94825
94838
94847
94851
94858
94895
94898
94918
94923
94941
94952
94955
94961
94962
94965
94988
95001
95002
95005
95006
95028
95028
95031
95041
95072
95074
95082
95084
95092
95095
95095
95096
95101
95109
95125
95139
95170
95170
95188
95208
95209
95215
95227
95233
95256
95256
95266
95269
95270
95271
95273
95296
95303
95336
95353
95354
95357
95380
95380
95390
95404
95413
95426
95448
95451
95496
95498
95502
95510
95516
95546
95552
95589
95598
95609
95625
95638
95645
95647
95653
95668
95687
95702
95702
95703
95707
95709
95717
95744
95746
95752
95755
95770
95804
95806
95812
95812
95813
95817
95825
95829
95831
95838
95851
95855
95857
95876
95885
95886
95888
95901
95904
95922
95930
95932
95959
95965
95966
95966
95971
95992
95996
96000
96014
96027
96032
96038
96060
96073
96074
96084
96085
96087
96147
96147
96160
96178
96186
96187
96191
96192
96198
96213
96232
96254
96270
96288
96288
96293
96294
96297
96305
96328
96341
96355
96394
96412
96413
96415
96422
96423
96426
96427
96434
96442
96487
96497
96529
96536
96536
96560
96563
96574
96586
96593
96594
96621
96631
96631
96643
96656
96661
96672
96684
96694
96704
96713
96726
96745
96748
96755
96770
96776
96776
96785
96793
96802
96830
96834
96836
96838
96840
96844
96859
96870
96884
96887
96908
96911
96946
96949
96951
96960
96973
96976
96979
97013
97025
97027
97033
97040
97041
97070
97088
97104
97109
97129
97165
97172
97177
97181
97204
97215
97221
97244
97246
97257
97260
97267
97274
97310
97339
97359
97372
97381
97389
97395
97404
97416
97434
97445
97446
97450
97458
97462
97474
97486
97489
97506
97522
97539
97548
97550
97553
97566
97569
97585
97595
97597
97625
97646
97657
97657
97669
97673
97679
97685
97692
97695
97708
97727
97732
97740
97757
97765
97765
97771
97772
97772
97788
97809
97816
97819
97828
97829
97833
97838
97867
97875
97912
97921
97926
97933
97961
97971
97986
97992
97996
97999
98017
98039
98061
98066
98071
98073
98073
98094
98102
98106
98108
98108
98110
98128
98140
98141
98141
98152
98154
98161
98171
98181
98183
98187
98197
98197
98199
98202
98214
98232
98253
98267
98274
98280
98280
98281
98297
98299
98300
98301
98302
98313
98318
98324
98327
98343
98349
98349
98350
98401
98406
98416
98426
98500
98519
98529
98534
98535
98541
98546
98562
98592
98593
98596
98604
98607
98610
98617
98627
98647
98649
98660
98663
98676
98683
98692
98700
98702
98716
98722
98724
98729
98733
98768
98768
98769
98786
98787
98818
98818
98822
98824
98828
98834
98837
98839
98848
98853
98859
98864
98882
98886
98887
98901
98904
98908
98909
98925
98931
98934
98953
98987
98988
98995
99005
99008
99015
99042
99073
99079
99098
99115
99129
99131
99142
99145
99145
99149
99161
99166
99172
99173
99174
99195
99201
99226
99226
99240
99241
99267
99277
99292
99292
99327
99330
99350
99366
99367
99367
99375
99393
99396
99403
99407
99421
99421
99427
99431
99462
99468
99468
99469
99497
99501
99503
99524
99547
99549
99553
99568
99580
99584
99605
99608
99615
99622
99631
99663
99679
99692
99693
99697
99698
99711
99714
99719
99724
99729
99730
99731
99739
99762
99769
99771
99779
99781
99800
99817
99834
99846
99850
99851
99857
99898
99901
99915
99917
99926
99950
99953
99956
99964
99977
99988
99998
