39410
81951
16492
76125
25574
85890
91605
47258
57212
30544
74795
96487
24753
88817
9929
39632
69707
68643
63842
89592
31324
1582
67529
45990
15693
7760
27073
25675
58304
59753
24184
45143
53889
58630
31742
7360
62657
72350
35505
11898
43022
51857
88436
56760
59308
93435
73837
72339
38270
79993
64288
48074
92884
56143
1301
92162
60537
15089
50059
18621
98154
32408
95996
97486
62450
84345
56222
84036
4725
91707
5809
36073
80631
53898
83029
23204
25197
45745
41922
27163
5899
25707
84378
27910
72955
63306
72153
787
9940
87085
8164
12344
5472
22551
12467
278
31242
44175
36878
39489
88559
34332
22411
17798
53639
46392
21355
11160
97109
85142
40178
58522
35298
58839
66450
84650
51248
15360
26393
98593
44234
20005
73625
72131
26453
46908
97246
66441
39168
8037
78036
81356
23828
79555
83425
62446
3077
58898
34486
49168
26330
44863
16628
16794
5459
29057
19491
11804
23180
16949
42449
80500
47393
36914
39857
91112
62793
73039
47972
64761
52748
23778
82329
92838
74057
17530
29250
26456
58234
91649
5132
78563
16188
17253
84541
65804
79551
91504
38459
3243
26095
25322
82832
64351
96073
47881
6744
70127
13266
27016
59921
68966
91949
74877
39623
87147
89489
31112
37801
25240
58393
44969
63482
1763
48868
26250
38859
98140
54105
19081
20907
70251
2453
26435
18003
89695
62172
92829
60634
18847
9545
59785
6849
3130
13730
78202
73535
35624
54682
9107
44980
33842
39739
16207
82605
70838
1360
70936
19250
73621
781
23592
96434
61904
79235
15607
58036
15978
17953
17489
18472
8790
44094
27776
20336
85312
25198
42223
61400
32250
54026
788
26824
57885
64920
11829
99692
27223
64756
81752
15639
948
89619
89035
11572
28594
67850
24680
68591
18181
47415
87567
74573
93055
65667
19885
93451
25118
21590
27772
41585
62165
98649
3368
24784
40662
46822
80690
22919
24445
29384
15799
30498
48654
1391
24340
71199
5365
2407
66233
23564
74697
53673
27148
51173
60408
24933
93229
41534
18001
34659
58838
6996
65561
11295
55659
10145
89488
58249
33894
14503
12168
53425
99781
10288
39750
13034
11939
82977
99042
15054
78005
62144
94965
50318
32843
99917
5111
26940
55894
34050
57798
83483
56861
2568
60984
32983
47001
95170
73204
47783
98106
60637
59777
5549
98882
61080
86473
51495
98171
13755
94078
96656
3388
52003
14259
72546
13832
29275
29197
70273
44100
38521
16716
47409
47161
28584
11692
24143
39276
7471
61733
43248
1884
97771
21829
39095
79929
34651
45831
66626
84009
43885
50817
48301
59195
16678
96631
72333
79278
99898
31296
40546
57449
59175
94759
33075
39860
67288
83980
44228
37690
28450
73390
79608
3873
73409
81364
54493
25141
88015
6780
19989
63986
82347
24237
3150
1069
17843
44950
3838
50164
3904
20447
52975
51094
53973
30896
52830
60602
16292
4992
40774
88425
32519
86016
82704
32118
39085
1687
46781
98546
95886
82442
28507
38832
1989
36966
2425
71334
27322
96951
58801
76104
33832
31377
5627
93356
16403
50633
10587
71640
27863
87637
9967
8526
30096
99129
72618
11343
44152
76053
356
91170
2033
13175
45772
47834
24589
66776
53891
71965
87890
54067
68399
5408
18215
23167
91900
48863
52691
60264
6322
87649
18471
14417
16356
93271
54698
47776
81854
93229
11018
62549
56694
8257
54281
25129
52636
6960
22334
22416
20341
6760
40625
99142
30242
63204
82105
47356
89515
17026
97828
17460
2023
88087
24008
51896
17026
8955
66801
94187
38726
17156
37647
50155
87471
70122
61475
87302
79957
74827
96748
80421
14941
67245
35350
14757
2548
42690
4970
13713
16645
97548
94243
29019
66088
58985
6682
2738
59516
38427
84797
76020
19531
37896
34013
55390
47504
21538
31990
21226
66234
63679
65449
83019
17217
56901
27471
39138
98839
86726
77187
30983
46606
39605
3583
36330
15082
30905
3385
38144
94355
92502
51098
49558
76403
79292
84998
27402
46241
19344
66284
46784
99015
9474
64002
42088
61131
66953
76107
88090
2447
37420
43568
27532
84482
82196
21426
73379
21487
65461
27562
22884
28164
2242
79458
31147
47256
67423
72130
89337
16001
75591
84958
52355
37270
41230
27797
10946
80498
24771
5175
56169
40842
79294
63141
11903
25768
79943
13920
44857
51036
62987
92139
34951
98199
57449
31041
66549
35111
8741
900
39801
83700
49683
81246
41475
85415
49476
6342
61548
81384
44834
51805
37422
97961
58518
93979
29661
20663
54314
80033
80616
57175
47549
75594
57186
95598
26812
5010
15605
81952
34300
70605
90483
60335
43933
56568
81473
20309
94576
55931
4741
37446
72302
95270
5149
67153
60330
73087
43312
27634
84279
56705
24732
59093
44965
56205
91797
27079
26467
55739
83089
35226
53869
74170
11009
52498
45393
2932
16618
83400
3507
55831
77430
35840
99615
65563
29714
23211
79982
65548
36667
53736
38627
75043
75126
57934
4027
11412
42210
78856
66964
47718
81004
80839
58975
53922
30957
11514
70872
39642
97070
858
96694
67590
68588
69858
94115
31558
18967
84742
22805
84570
9940
30925
64549
27927
98604
95966
32806
5984
30067
17780
54719
16245
34337
6939
78870
67243
8152
15009
47353
11780
80783
35953
62975
51495
5857
81592
55088
71986
26020
63758
63175
15385
37235
73360
65996
275
4902
77334
81961
32613
37521
13045
43370
26825
17074
84001
54670
55031
3777
86393
62414
52699
22896
27593
51313
29387
3483
84191
61532
99375
6636
1975
58190
80864
35718
28763
26214
72859
78645
71659
14825
54942
54319
2901
8013
24989
86151
66305
10642
61025
10058
21198
67839
82677
67764
95273
77773
59491
2226
71047
51028
77748
61115
19086
90583
98253
7000
73816
86228
46619
26957
3192
2618
72977
72755
27634
51123
40979
60393
96836
75009
17705
61396
32835
55516
67164
81346
65141
27650
67835
65474
85621
17179
62241
96198
72637
75490
73419
22632
28739
66159
70294
59780
49377
61219
40023
68335
50277
48036
85319
16676
25947
65235
42889
7966
90204
86069
58238
51780
82447
62001
75115
21304
27297
17033
49419
47935
40589
59383
64359
6856
9891
60386
50453
9447
79231
46166
54124
86468
12066
27765
18656
25494
79232
17963
95096
20699
4288
32415
602
90981
88925
23811
13237
31073
31364
85577
67357
11238
36547
93187
30810
66852
3782
85322
62798
44531
53392
16204
20422
88021
43738
83163
21522
97104
54053
76410
97553
92179
82153
2273
79546
53907
71451
22425
14786
20090
44105
49404
69113
43092
20068
49623
17394
15691
19268
87170
22353
5906
75793
51704
6062
46871
89304
10694
49056
35229
61743
4263
38115
14057
40531
47964
23797
22172
54260
46161
49868
41913
11847
50600
36070
41587
11570
70198
37972
87741
14070
71280
98534
84969
15702
41065
9332
96328
5336
48222
65576
98161
44161
83584
32388
50292
16001
69295
82507
14869
52492
79189
85040
80823
20633
33582
92757
69785
83588
97838
16150
64990
70392
11227
74781
95404
14282
37797
26091
37923
91300
5752
9229
6919
79454
112
22414
2022
63679
39463
6659
56003
70770
83751
84329
74001
10714
54245
89753
99769
12056
84719
92919
84114
74359
25257
80532
39849
45487
80323
98848
87191
93801
78053
58404
7385
34924
3653
60636
59827
97933
43420
30713
3632
23892
43018
6243
26228
71283
75684
14972
19271
66398
86251
15888
11400
7497
95028
5703
42196
23764
84544
70299
19322
93270
47536
86010
23589
74917
93687
68840
16791
91227
88978
81791
26287
75150
19055
45812
74103
71797
80575
98350
18825
93295
88894
25220
90636
75423
38898
32834
90093
69520
74127
80557
30847
46252
30377
12809
4990
49087
13868
6528
94955
62204
24703
26599
69656
17686
54794
54671
80917
24703
9588
25645
7775
6892
35564
57377
68199
899
37557
3484
68654
43073
44960
9860
91865
80150
53247
3201
15964
74480
83843
15521
11133
66674
92427
62470
46121
93737
94407
93203
22048
54601
5243
20971
18058
49526
13178
68498
87282
28072
12369
35677
47331
4090
22006
30006
31151
6090
883
73406
34168
9984
68609
42206
82990
77487
38472
59601
58717
51327
35339
3124
36423
8930
39444
47346
9795
83784
5265
58504
5993
20698
22069
36709
21717
79245
2443
86099
14074
32346
73344
6024
82461
51796
42203
55834
90780
35946
63480
10896
83034
68306
18457
75424
24096
64557
21526
69085
68424
39946
78237
84687
50623
56053
29863
67257
64910
70973
9512
40558
56000
58759
9578
2304
21877
8422
41303
40799
20412
90285
49406
78095
32808
9055
83621
8498
51945
22719
86753
7861
83961
72780
30590
9111
31675
14532
48064
29994
40051
88213
37333
54353
50608
49516
5886
9710
11330
9054
49537
3836
62973
96713
19725
96087
78203
77984
39413
40354
27338
38353
1195
28613
56294
35205
62332
51841
82015
30550
90812
16090
65795
76331
34835
86412
12251
26103
17916
68940
66921
21357
30869
98214
60795
92868
38218
47795
35121
72693
73088
90670
71808
19322
94952
63413
38135
44020
95092
14561
63951
57024
96529
62691
18629
2048
6384
61977
45391
98541
84556
17782
73400
71351
29051
50023
34059
66229
24881
13915
33662
24320
83560
52243
43228
33296
44058
81447
27325
36007
45614
68562
4977
39140
81697
51313
58979
53237
72290
60110
32773
11854
6932
2729
14711
86652
64324
55566
53248
49300
42210
22954
38399
51387
43393
30024
28058
14969
94151
29879
88526
11618
79055
73124
50600
19236
33951
93370
45347
24687
52303
24434
93035
6754
35230
99568
3910
29652
80095
94805
48540
64649
24653
19559
8554
21294
22988
52042
97446
37470
9011
65396
32821
98627
71104
47618
59847
33438
88101
76648
11205
98500
23849
24239
85273
31827
97434
54510
41468
33240
58087
92313
28133
27940
51410
98110
11231
11070
57723
18178
18504
85651
15416
48788
52163
49359
1044
81042
27953
35998
92927
65150
41196
43624
97585
10317
63119
61111
71613
14562
16039
54576
85699
2197
68588
23535
82641
33489
86108
66380
36240
3953
60266
57467
84762
74197
85916
22217
83596
14236
74974
51509
43491
31453
12205
37890
81364
19351
22277
45062
22292
22395
73629
17714
74665
47778
27241
85232
17285
48501
10427
63115
87175
76738
7986
20055
55321
76533
38797
26460
48820
78560
59917
15924
91678
81836
10616
23031
86135
96973
3181
68366
58347
54266
86883
60662
29392
41084
41685
81075
31408
35307
56879
77730
67264
41775
72899
1789
45747
87259
48754
86005
11694
27845
35417
92964
64991
32586
29785
67849
11048
13159
86601
91318
65296
41976
68879
71348
56004
67098
91993
61874
38586
54997
21932
64720
41962
43122
92673
10474
48468
61349
80050
69383
13977
46061
27071
86057
39493
1663
81969
8473
24111
49737
27380
707
84161
27156
72228
80640
77400
70217
66311
98152
48596
62774
54810
41691
40178
27771
17431
20166
21060
30188
61368
59603
22335
41378
41389
69929
50384
72236
4320
68261
57196
15371
57881
6802
48420
77324
85699
2158
89973
45125
71211
10586
93658
24423
97732
2718
72158
36637
41082
70435
89818
76333
4896
53981
62061
77192
23012
76150
46992
99131
38707
95645
85767
96672
72604
76307
54505
87345
11352
89669
25375
79299
49870
98700
39904
70692
42212
91383
67865
56972
71655
63992
43386
53679
21374
2975
94898
96027
61131
58625
13954
17234
79248
66989
66715
79397
2210
23168
12028
57317
93747
7603
70489
70890
75286
88781
97926
38610
83066
86663
35858
43938
73990
61726
6055
98267
65198
65578
14425
65914
56678
42347
80899
56684
15906
53875
62831
12694
47592
60628
34627
46916
11485
97971
41186
63966
88231
90862
59696
23226
30682
88311
8612
92921
93227
4171
85813
91046
49948
38669
25997
22038
59005
99771
77137
55841
43352
69186
78066
22567
78111
79267
36085
76804
6106
3671
1083
27963
2667
11949
58109
10799
21869
753
36901
31738
71853
83134
57261
27758
26516
23626
10408
22345
98610
75213
16652
63933
8033
58612
49660
90059
30630
74394
31552
59837
54249
25545
12119
30367
3593
73961
16662
42144
96631
3003
43814
9516
135
2632
37752
1947
92428
98901
98887
90345
2471
24666
72161
63908
25552
93498
92767
94269
20610
63170
73543
14971
28046
31709
20489
42639
63061
43708
2919
43430
26266
48994
85205
26383
27294
96305
74300
86340
3140
8248
85245
12203
27580
48521
78014
97597
29074
74074
41216
11054
35873
15648
41808
83266
32776
57418
20700
47716
84391
61742
80232
64231
81554
39368
1531
18377
22563
96270
5464
26143
33671
92571
93874
67224
44671
1734
53521
19445
10560
5227
73866
98864
58739
83926
6753
62355
58538
62579
27859
40672
51997
10615
97695
21759
6792
85784
3778
40259
2466
74911
98988
72392
39617
30126
32231
92192
98908
45432
11628
31761
9351
68330
35757
6620
43504
22030
414
63251
71122
35688
86775
39671
71268
34178
28287
8305
23269
9131
57970
66078
275
27486
27090
74104
24520
94847
21020
1440
49557
2043
75226
89363
2288
64784
85801
88423
26273
97921
59074
86641
84743
40020
77114
24674
57727
18828
27990
61009
33449
32236
94354
52511
6493
48141
41737
67416
1427
97244
68373
10981
95041
74577
27866
82614
78503
2295
6568
47072
28012
2768
45568
77317
65895
5901
11921
94014
73050
87235
82472
22541
53830
11423
25486
470
90907
96186
88334
91528
20698
17612
47958
74858
72855
61384
63476
51381
51299
95101
28319
65873
38818
57939
52708
67651
16318
78305
96574
98281
74371
64962
21645
63761
86586
25612
33085
45674
80704
98301
91383
22412
8280
84147
1757
33074
8224
11604
19522
44286
93707
4499
37850
52462
31162
49417
63342
77259
27070
84371
71455
12837
94129
71752
12106
81995
37565
31370
59871
65171
35913
60021
13739
31324
88304
46522
12161
19677
73887
78340
86920
15015
67608
52
42655
72030
43367
97310
14063
77885
60233
17334
87462
3984
98529
69386
32796
45946
84029
24396
48280
38673
50782
49699
25323
39634
80310
4665
32950
74235
89840
91170
57766
84708
25908
80885
10375
56168
539
76723
94333
10248
26855
53524
78272
81034
99501
69613
19463
5373
6801
11623
14685
7781
76071
98987
6995
98071
55200
89778
71116
17527
5808
16957
59490
26396
8314
34664
13254
32063
61750
38196
63374
13232
51256
76245
19160
13822
55840
90256
51092
97740
33522
37183
21018
64070
30782
14764
91921
18321
54576
58216
33040
71509
88860
71436
90479
99396
18733
84710
54153
88781
2456
34055
99817
34760
44853
29561
91458
18060
70924
24109
56269
81516
69439
2823
65246
6025
47307
75113
1272
85420
60852
43566
55058
65055
82171
20987
5921
37439
11671
5095
37257
18059
19164
19494
52842
15636
263
68403
70034
93855
16351
54916
17579
53732
16109
9567
51919
97999
17066
11420
8587
7684
19017
26778
80745
49517
56812
1351
10371
78402
54290
97625
16577
68150
23798
42970
67563
76755
31022
11847
63023
51234
16717
92919
45604
81961
39329
1752
78466
80852
20875
76664
19947
15087
33048
18554
59585
40195
90675
91332
69870
28078
9894
60805
93629
48493
9200
58199
71737
12724
47807
63961
44657
97033
17809
29233
98017
88399
35367
44027
65541
65737
78571
89454
34115
7902
77285
39382
12186
44628
46466
33402
75702
10178
72210
65987
75957
83124
4905
59071
55417
55440
32029
50721
85693
21418
94825
39069
95770
80842
75628
1487
45355
67233
66923
12016
52065
10586
95552
50080
83187
76216
20057
24016
91401
57017
89168
21779
54497
36690
78376
57234
14965
96684
17924
21596
60327
67915
3114
74403
80964
4237
16443
89233
95125
51057
88585
97458
78530
11028
73147
90119
88690
98066
54824
50656
2286
22099
59978
6998
68220
80783
75671
33848
65955
87338
36227
13307
54220
99005
34711
74572
21524
10097
14642
35675
43106
16606
348
67121
65130
7265
94653
43231
37460
63714
27169
64748
97506
17141
42664
63954
93663
57351
66209
3347
24010
89439
74328
83834
5735
92478
25781
45134
38007
19172
23419
42443
864
24754
2957
16118
55515
45827
18014
30997
49887
72338
33867
65121
33372
62386
31204
54676
12560
2801
58649
51675
82035
53154
1432
91897
90514
86390
79275
51390
78631
33663
43948
20600
84512
89035
11156
55671
60353
69743
53936
31748
95209
42324
7593
45270
92677
91426
4702
21110
78239
63065
97539
96288
1624
32993
28784
20092
18384
38099
84636
91642
79828
99608
25796
63844
32450
88312
21574
50866
67949
73151
57451
20996
71170
82816
79406
90959
62638
71837
75204
77416
43770
14714
45086
81804
69721
35800
29267
18060
35513
23389
12093
25244
69931
43533
49832
8204
94203
6926
65290
43901
10916
24716
12465
44550
63180
5982
93971
90225
5871
56235
15693
42375
24393
28352
32096
18444
78505
60872
46954
14447
42661
78930
15081
18670
31003
55467
63915
78393
9870
26863
33387
56392
12488
43869
52378
5561
51715
28317
16672
21421
30182
38319
36308
77076
98324
89529
39246
37299
69206
52146
12341
55317
58491
93144
40699
71956
5680
51444
33267
71607
83993
76847
8594
32176
68592
40992
81986
11911
3475
43223
33108
25746
3046
96785
44581
46076
57870
77819
53550
16512
42816
32185
1262
22884
19139
15834
85641
92953
12377
88803
74558
55737
86230
70908
84928
70790
33715
10715
83514
75134
19735
48493
8311
40630
21556
51427
27954
21373
61025
88294
63812
43743
61429
24575
48351
77665
69409
45186
89545
54708
75897
98904
21020
4142
39452
75918
33470
48386
39031
85750
91086
34028
13391
57091
17210
54162
43485
1269
46664
80158
22545
18291
18888
39266
56693
79242
86102
5491
18034
13271
25549
11210
8444
88265
43580
13271
22747
96844
49541
46444
64025
65473
59658
91711
81396
23838
71052
63382
81568
42083
59096
64589
82530
30326
26818
5883
82724
50696
38246
71707
20341
25699
38372
85990
81919
91596
47221
66997
5212
89855
7594
58952
20150
67454
74
92438
43964
34749
45913
52859
98607
49743
3602
52257
85773
54405
18418
22730
61989
19965
61538
60506
81206
29711
92476
54011
51273
53616
52480
84333
98886
62846
5591
13193
23474
71935
16440
97816
2075
78450
22362
29928
56594
40454
45643
8338
19685
10799
25006
2005
57893
51945
73687
7788
59571
88098
70252
33846
49352
80851
29639
57540
39114
1
19774
48799
37413
6264
7647
19130
70186
88861
77055
46816
34360
25613
64082
12134
58518
73720
44415
24301
16454
28769
1178
60798
11145
51905
79935
92815
54213
56055
86034
57096
7449
55024
87236
88310
22675
31150
6475
80153
63680
82187
33069
1509
9921
30685
85228
713
77868
45395
9278
45537
92058
16208
30705
50152
47630
73335
26262
28816
57531
18113
44657
48636
39211
30796
45263
92174
30285
58017
41932
50639
29741
99857
6224
25703
42782
45248
99462
73040
29718
99468
72596
45507
79966
58042
9088
52761
253
51951
79532
15726
1209
37209
87084
92315
79863
71361
14475
45459
96776
29353
61772
22667
46684
26216
62056
96802
89785
14701
66571
56784
74141
20866
29111
13075
98663
52152
67630
33648
51805
58339
28847
99431
19051
38823
25771
25465
29257
90166
25250
13470
25632
48076
18866
98073
36095
1880
67032
19982
39086
15477
61715
35118
93326
82389
68217
94496
81313
20840
79636
90776
64238
21098
87308
94858
84798
35097
60665
65115
50207
63533
78979
97274
11366
14603
82873
900
44150
68637
35998
69215
37562
50406
28189
72792
12488
11567
75083
2685
29704
56322
79199
96423
25851
78461
87665
75906
17873
91318
90943
24611
29279
42016
70359
45227
89370
39592
84669
51153
433
58838
94245
33745
1389
86692
15175
93144
68398
63465
21913
50945
95625
93163
20395
49557
16957
23193
20561
2545
54433
73169
22156
75422
44656
45192
43510
80398
55586
10494
7723
35830
63335
43392
14556
95095
14030
27349
55624
93054
73595
58696
44506
72046
39224
22169
20519
42681
18876
98818
11399
44933
83473
8927
18150
80706
96834
93864
53543
69263
79614
87261
82830
98343
90446
18994
32331
67827
72418
46664
36029
35485
11728
63560
7971
58090
18095
99149
90654
40659
73001
85321
242
95966
32132
27002
1804
63241
25513
32133
2278
41216
7840
37441
86039
42817
90057
61651
12093
25633
32439
68574
25950
41750
48810
12649
25730
34257
37201
59583
74749
78721
42406
96859
47792
97708
99427
5312
98181
22536
90035
49284
82804
96661
53012
85080
17853
98318
74562
16530
89051
52015
59179
72521
97829
31200
77622
63858
82173
19139
23608
17111
75717
69018
45307
69326
43108
31323
35177
12803
12588
37693
34496
74218
31158
28881
96147
12228
7952
40400
76567
59829
39329
4731
21845
98786
39049
23260
6912
4179
28867
23717
38186
17722
56929
33271
29283
9390
92105
67042
26820
15377
4692
28097
43336
35778
72618
94374
201
84107
87230
35461
13979
3187
32500
90610
77451
97177
14944
22708
88794
19200
85417
84148
40432
95390
4212
57854
9527
60288
17099
33322
15201
10794
39543
41809
88385
26690
34562
95703
85647
89103
12705
47086
68013
31923
81791
76381
35555
56093
28256
1305
68831
37217
49401
50528
52934
8295
92362
27410
54988
31166
15125
35259
63367
27769
11289
45399
19249
49702
12206
55744
64761
39016
12912
29083
13841
46789
14120
88207
45836
10223
21482
62183
49603
93770
23691
56325
10646
34665
80309
44095
80514
98909
92524
77762
3202
59850
6801
19478
24830
3273
95271
41792
29699
90268
34218
2499
44252
32441
7010
91307
5535
2471
70585
71550
34107
89387
67512
37294
9995
38988
34969
89949
40868
82254
64299
4686
77661
2851
41677
80699
50840
74457
56463
97445
34449
89173
49808
88849
34317
26770
78595
98953
99711
45763
52600
25523
47176
72607
56201
41757
82754
29705
89009
811
52845
9847
20974
91717
96536
77719
57867
5857
95709
39605
13482
83368
7218
90792
24887
39339
91879
7874
64273
4078
66152
37312
99693
6171
97669
12168
7306
42459
19066
55459
36737
10590
23870
20726
73818
56474
6191
11314
65478
99195
82284
53392
94490
33448
6439
22455
50240
38304
26234
13895
30640
83795
70937
26809
53523
26923
6168
32970
24215
58559
51715
59168
82725
94155
89494
35741
2531
99468
41988
12221
92489
58728
60281
47851
57681
18153
90297
8847
82034
35204
84050
42282
37026
5276
92848
89466
81379
58251
62043
63070
23332
15157
40747
38735
77252
31697
14560
51689
50512
98716
6734
68277
96412
96341
78047
70224
5974
25350
66571
19798
99679
34972
54737
77848
68278
66438
81400
90196
16628
34852
64980
24887
44715
44783
92285
11168
64156
4095
83703
10707
79597
48523
26376
42493
98197
41123
1753
36700
69619
19989
17406
17502
4572
84420
83806
6740
867
19862
27942
97809
8503
12765
30336
48292
91263
76261
27321
65596
61811
92496
91587
59615
78651
79559
35100
57328
32652
85793
67168
31755
24431
61630
59581
31417
82702
96887
23776
76472
59889
26435
1473
53320
70461
69778
54812
98039
59030
12988
94188
64931
91626
22866
24445
93518
56179
51382
79317
25544
37232
37110
67682
38151
79949
72565
69866
25985
59518
79854
61733
70046
7624
51516
60128
72512
49214
59241
56097
12734
6575
92912
54688
901
66422
45817
7759
71163
39739
72128
73319
55822
76342
72335
33286
66224
3510
95668
85360
50615
60334
86988
39675
21685
72811
37783
34895
13652
69142
95888
26009
85312
26772
46924
87595
20268
90448
82389
13443
43763
83629
23110
96288
33360
35120
47588
73279
89792
81798
77908
44847
95959
65971
91192
17848
32641
31251
68020
97657
52881
5089
22683
31984
51035
99145
507
62953
36738
77345
29783
759
153
40381
21203
53244
16833
51922
16064
4620
10230
29567
61480
35479
83287
52390
43596
45151
12411
53598
55623
53228
97165
36683
16633
24198
66778
47052
19390
22368
35577
82361
18081
50685
85117
74227
37145
2796
16445
84680
26816
68266
40696
39435
41513
12258
95139
51071
32658
34351
40682
24139
96187
89792
91100
25162
15403
24428
27204
85322
8058
12886
79870
79096
37241
33737
68303
2543
52174
34271
42256
53321
33964
76676
76963
97339
54635
72278
24358
29131
40190
58932
72410
19428
18471
15102
87135
85638
97772
64345
20867
79863
4510
27261
82485
84618
96594
92124
35757
68468
74274
25569
74468
81817
82639
40998
61514
23374
44208
34549
84952
87086
33226
43052
72862
47701
7539
25403
52146
18391
87203
87518
94578
29983
10364
67777
44534
61370
52263
20314
84226
37981
20715
83576
34922
87904
90951
96415
43102
87484
63312
59475
67548
72227
55809
11259
75777
68548
26254
91454
9863
20402
212
71905
41299
639
75700
95072
65882
27944
99079
74284
75743
46873
41037
59207
35323
5924
4136
49229
30370
75455
14693
41221
18246
63697
51280
58295
43678
13380
26757
26578
80916
35472
48742
63046
21946
65765
35497
65869
48467
33443
58631
41452
58928
46817
67597
96413
20838
95266
52738
78392
96704
5775
84498
69189
53919
10344
34158
46167
25374
99697
69165
27844
12094
33503
84913
62937
29078
49673
80828
13782
45262
23275
54017
45345
21678
22637
6824
51342
58425
92919
74334
22932
57769
94895
67035
73178
37707
93136
95001
99145
45244
32603
78018
50265
63844
26616
64054
46341
53568
68609
82713
63314
57100
97673
13557
32116
91423
862
5534
81469
1501
15822
81428
38597
78049
80527
37506
74014
56146
71862
9173
49816
65336
50922
5119
40525
32270
46595
63592
59219
56874
35549
51275
95647
6796
76285
23157
61878
12207
63099
88882
56377
7610
1116
21512
69980
74739
59344
67794
80101
95855
44672
92424
21305
87702
77579
12661
8113
34835
37534
9664
93113
40311
59430
26401
45711
29015
91336
62226
87137
89525
85916
84385
68028
60682
18155
81552
60786
16816
71295
2234
4822
72727
39161
53441
62808
90629
36564
78090
15521
50393
73555
48745
7540
275
81102
69760
69417
19514
78856
32203
20657
38543
7280
31706
6307
89325
67875
41803
65155
92887
58867
92521
20879
37788
44512
54172
18263
63991
19090
70796
24439
11442
47552
68427
64358
7695
79020
53724
81453
25927
83161
32522
39150
66428
20342
86493
85141
6953
48560
41816
45267
58890
8020
86274
31480
7317
9871
20297
56791
98202
33217
51286
89430
58038
27081
32751
44417
18639
25100
70598
36787
30758
2105
72438
64796
959
12571
90453
99330
77069
60342
92814
41520
3328
45215
6598
76506
59295
41307
48523
26288
71498
43763
29467
29100
88399
90299
61624
17250
35155
78376
19271
35586
6175
70597
93863
39053
86543
66133
76798
61597
17966
7250
95806
70215
30615
92196
88893
51064
57075
86635
62352
77089
41766
29522
24974
28038
55056
66668
85716
80607
30713
71769
54173
56730
74307
36826
1056
10159
60763
20329
26694
48929
35401
29709
32537
35057
91033
87663
51267
83371
26122
41856
15011
21651
55262
19573
91529
18185
2958
27044
55910
99421
64798
32025
80629
46443
40056
22839
32943
60073
31889
10164
55290
52910
17462
37800
54736
61799
70502
45918
22523
82124
74663
65070
66528
98302
48228
14834
99393
48068
38018
43055
57190
80060
89749
61706
79741
84572
57040
47068
76802
13257
32194
52283
52752
14533
27901
82105
38935
96840
21135
95812
51640
3904
23299
37753
52511
63053
20717
47979
36576
71349
68054
63830
56476
81117
77567
94128
76767
18654
6728
47603
22763
54737
33342
95901
98108
52220
12015
58754
55297
98828
1368
9106
14803
76105
29972
11447
43710
62708
67501
58964
47758
55620
36233
45050
51170
47423
58297
62471
70148
86126
39152
26944
89908
78556
75747
79763
98197
33587
45152
86879
61478
11802
80410
39947
27858
78474
59306
78822
44974
83090
41811
32317
33318
71962
98232
57721
56534
71106
94941
84929
92158
12672
47753
54216
69094
97215
69093
99524
20604
62624
21329
49127
14340
67227
69845
82798
65191
44404
76610
3128
35772
94695
79522
55877
43393
47843
36307
29653
10446
60110
61430
38769
6447
40173
96563
67043
1869
56993
82386
3017
58726
42870
841
95353
7985
2848
42120
37315
46839
96621
11687
74365
20830
21257
31695
28281
23693
94669
14522
5291
68884
5939
61856
14846
43258
84267
25940
9857
28512
12079
29980
10426
48590
23688
72605
53515
38139
47606
64132
76299
7314
79517
70129
43008
26080
85933
56087
36274
51691
17394
57611
1260
34038
30201
94476
17486
52483
79922
56851
30057
36732
70988
5946
54354
63597
34229
63064
57509
80430
54477
889
16433
93006
70781
61481
34328
47201
24341
75952
80415
30921
69911
57106
73033
65315
98683
82892
47089
53091
69774
83424
9319
78349
26645
22157
70996
40567
64589
74383
86043
19078
56804
80335
76116
53378
19077
34532
10517
37035
98128
55681
78098
6252
10116
93564
77117
57445
50239
21551
2892
77741
21663
30998
88481
41255
51767
4475
75867
3523
746
53705
39232
2405
18814
48144
2380
82602
58950
13284
52284
78453
27103
32902
34139
2530
78739
44893
12794
32318
33291
39575
30105
92881
52179
46940
32849
73915
94654
642
12412
55226
90259
24024
66549
38698
18357
37198
75567
356
47549
73092
39948
40812
66067
9479
82613
53391
1175
80311
21957
6321
13939
95426
53177
4300
90128
14471
68209
71636
75460
69228
54537
90050
34503
52549
24980
19489
17631
90071
87204
27625
29702
16493
12287
87846
13955
74583
15588
3680
29935
19319
30572
20013
67739
94680
24946
9176
60523
94343
74465
8042
68825
40397
35233
35387
56009
65123
94154
18983
54189
35391
46799
98824
6753
74567
16610
19902
69872
71298
2622
23382
57912
90183
22145
83483
41297
88304
77104
80358
7541
61415
90201
563
86626
79376
8659
17892
6441
4235
98416
96643
22564
4806
90283
56900
72847
5260
30721
25853
31530
57019
4458
58431
44244
41379
18181
80640
19501
70079
76295
80120
5208
90387
35209
61546
7024
62740
41841
81976
7044
50021
48080
35361
56802
10797
16243
39733
27615
89766
74231
76763
77663
70487
87559
66053
64305
85665
7728
90053
9694
13191
65071
48108
3155
22182
30031
56133
94294
58839
55127
44147
44106
34644
99267
90556
15099
68527
42845
58621
48989
56860
36217
58165
29853
20035
94392
65518
95256
34158
52506
87935
19704
32795
91361
45119
34688
98837
15919
85621
49508
82657
65177
89820
44947
26365
77760
17873
2641
40437
99073
79650
30361
96755
33497
1090
11082
99622
91067
82955
50979
53847
19922
70981
38741
55556
14990
10343
72987
21443
91677
89549
10840
52168
42658
23960
39102
79374
12200
75173
26645
49155
42031
64368
37336
48864
93791
27914
66766
38817
2364
70011
43564
24623
15869
88276
72301
20587
75035
89056
42743
56011
77308
97867
6155
45341
71122
80918
17537
29745
24607
29403
52336
8292
48957
55660
92568
39346
27628
94198
26697
18743
74098
53513
530
77559
95707
84065
49877
35604
29199
95932
36267
58173
87263
95857
70658
24840
94824
18144
23866
50084
85380
74778
2363
53481
29161
18583
62486
89347
76539
85681
54449
13628
78721
31125
54787
56681
12458
96908
63337
80939
62344
8699
6394
65432
58856
9272
17042
28981
37914
66732
71982
73263
79961
73356
81152
68779
83158
41840
87291
28702
80805
62151
49569
52251
48119
52370
69797
6709
50669
18079
32004
21020
12193
24406
86388
66394
92463
84021
57600
26713
74208
32749
17246
29306
52361
34860
93709
68471
94918
11188
53034
58679
39694
53276
89599
62871
122
80658
46874
56636
55981
56864
63234
19814
66917
35128
91885
5260
62600
37905
85203
42290
42740
21812
9836
8733
59355
44412
94601
21440
88106
79191
47973
9086
1636
26968
51368
12437
20965
85503
23196
72229
92744
9686
64972
20235
93266
16543
75952
74219
78285
84773
25560
92743
84678
86171
83117
2797
93957
63290
78952
53191
89923
17645
5364
20076
77856
63697
79479
21218
85051
14413
91775
36115
95227
56481
20746
13268
59283
12505
77142
14263
72403
32372
35369
18441
92180
56940
54706
14076
22493
71279
80949
15781
97260
5861
10872
73712
15370
39627
92815
4996
68734
19550
50036
13440
72536
59617
32051
79648
72597
78505
90503
66332
46342
99367
74012
78037
22802
70161
49839
1514
55981
90428
79902
48814
95965
34080
19176
54169
27096
97657
8086
2037
47020
40608
14974
63007
65511
8673
88340
65849
52642
73776
96949
48006
37777
70184
14424
14134
28235
130
10615
76408
90514
29491
21965
11654
47310
79242
31170
73170
84612
83163
64535
67170
41596
94123
48041
61676
4427
39877
75745
38406
15501
37218
61428
94625
90039
53090
57320
67245
67933
59737
20888
92053
10405
99226
22521
7964
74217
25162
61883
48449
61841
36828
21142
12934
98183
46871
36923
87991
46444
82445
46010
32713
37191
56544
34207
59134
64857
16668
69711
54533
1739
49052
83711
88399
62223
83169
37316
22492
30341
85373
29800
82841
39426
58079
88827
64090
77587
56304
68587
18170
43506
98853
97416
558
61891
60452
70526
31309
4074
27808
70018
67729
42940
10830
99277
14428
88036
95031
15224
59969
30630
45483
80073
27314
978
7715
99161
58427
80884
1331
36945
52773
17524
38191
38843
32107
19970
38230
58858
6258
48952
32700
3690
62020
40293
7395
8763
69403
89400
35901
8489
79214
87372
13888
25580
441
41398
88009
19466
8856
44535
1769
6801
37359
55338
56425
27789
7730
75990
42131
65239
89076
40920
21680
82587
1222
75686
96560
81495
30197
66624
90175
95510
54566
95638
76543
44099
7624
91080
54623
71672
96084
37211
58092
10855
14237
85850
74130
21891
47927
80539
39640
1719
19505
9435
45626
7351
1753
30415
66327
62934
35155
81605
82004
49737
75115
68523
66642
25276
48335
11293
43178
81808
34990
83788
98787
12331
96191
97381
59032
14342
65822
94585
85103
9691
75578
19148
77596
29520
9418
13346
1707
57878
45701
61880
12626
35609
62632
70006
65317
76357
4242
71690
91105
90785
90454
42666
67564
28323
33332
20734
80240
3786
75604
62095
56474
88953
67878
54022
74975
85870
10628
99098
84149
53710
94425
52370
67849
36507
83975
23892
50400
70113
44396
44813
90853
95744
29066
77789
30535
48433
54169
55680
25240
70389
95413
83364
39640
5903
28905
83666
12810
84276
90331
29575
16280
99240
78837
18554
80233
73225
30365
44620
77118
47900
46617
61780
89094
38562
71750
10736
84381
40526
911
7813
4531
10216
25459
26075
77155
79077
94820
61273
33900
51011
74340
11982
12971
64063
88733
60847
4253
67809
6016
34146
56622
57411
39075
47457
68903
48102
44614
28483
95188
63903
34197
75642
13643
69613
47439
50366
50740
87407
64616
79559
80599
78584
74916
80571
25526
59449
34334
79456
60905
61817
21791
46921
99846
22871
99547
61189
87651
29270
34239
84115
61293
8411
78009
27232
32445
89402
83339
47687
74824
35124
55108
16012
96838
41579
9643
37564
78305
41049
71386
39807
1203
1363
59409
82394
35299
76485
5209
58743
72591
50230
32902
96884
53927
57008
29080
14434
14641
21308
61207
48211
61902
79224
60392
48947
52787
5595
14686
70603
93685
32882
30643
55680
40589
46066
57375
29231
72100
64829
43982
87870
41323
9849
43327
25600
95354
39852
39452
63175
80997
30349
88555
15220
41319
18740
41358
85617
68021
65251
22304
76436
10350
25478
61284
11822
10677
74760
4617
90083
95546
70433
76113
27188
54481
39837
84822
55576
535
56160
93008
30081
82220
73310
2623
57031
20140
66678
9145
46491
50937
63694
4623
71177
39729
10878
67311
29795
16133
39291
74682
57093
99964
87439
85171
2869
28377
73431
21372
18174
3283
18142
95498
74073
31860
24874
69749
36158
53763
34301
57050
94020
96776
1966
44582
73825
97819
34542
83348
82243
3030
65863
97685
5284
87370
12957
44533
87310
54316
79763
77137
1767
36690
15731
46661
38077
96074
36816
66681
14433
62484
7548
57223
87722
51093
10914
17600
45235
26712
47079
27237
91194
49711
65778
78877
90965
28407
54657
47555
64228
32103
24589
63228
22890
30430
63554
60314
62983
55519
58250
69005
79770
66556
75306
92019
46079
88674
28989
49959
90201
66141
51661
19442
11253
97550
82435
55441
65293
46660
6618
76765
64069
73437
59919
42988
38876
76874
11319
65300
14996
95702
96254
65174
26610
77810
70647
63767
39801
36819
26031
90974
90989
7259
15714
35856
59144
68962
11154
31190
77
7605
90529
77386
25270
68788
37681
30145
69464
32562
39329
14957
83788
93822
89176
48676
87321
7226
40808
67010
66843
22103
60747
4733
19193
59074
69026
39637
99503
79042
97727
88398
5028
32198
83245
63538
61009
47947
92556
36342
20788
20278
34853
74240
75453
46249
38463
60799
95831
67729
22954
4935
59190
99421
84553
49638
98733
71012
65231
18608
40576
69464
29152
42373
21337
40728
44207
30477
82833
79534
5200
80212
48427
93588
13945
14191
35239
73973
68429
30093
33971
35279
88931
19619
16377
83627
25320
14341
12626
35667
3396
37069
97765
49844
79811
67297
11889
49755
85142
7830
90681
75732
81328
23971
79161
91494
56172
18050
35337
35707
8994
14965
44496
66567
29047
53584
68103
80238
99549
27282
60810
91323
36272
41011
76830
14500
7488
12660
28854
4006
4283
95084
2643
22798
12062
57570
18766
37836
39633
89601
91085
92393
69845
31822
73804
68145
23637
42435
4298
71732
92192
76717
23326
32284
83394
47791
96427
28868
43526
93096
13107
93209
62820
26816
84269
80518
41837
23523
56749
81917
28170
50484
88167
1062
31299
85109
44624
56646
3307
58692
92442
38371
33641
49501
9425
54422
39564
77722
21027
2582
8913
69986
81288
85486
92386
48967
2278
78344
14195
75361
92758
84402
15918
60516
49699
65426
91520
32053
78489
58911
21949
65045
25397
58517
66373
90646
31489
86945
3604
5372
36682
88680
44821
84921
29376
72803
23867
29413
10449
5686
21312
65317
1350
24361
9937
81293
31900
10155
28997
35791
30523
81214
37265
99115
26182
93004
90652
97204
25220
78363
71495
91310
18674
45485
16643
77547
59000
41118
67166
19705
58662
50138
96014
76901
3329
33149
39942
73296
47381
56013
82499
7462
51997
95005
3505
50443
7632
75850
22496
32611
64762
53429
91090
84914
98822
21513
66385
71170
94539
57861
70893
91654
3519
9102
83202
67104
45885
80870
48383
8527
40699
49761
94717
35309
87133
9046
81690
99988
90191
94626
88742
3616
89487
99834
50972
84953
11298
26609
73311
3808
84614
84656
55608
76615
13727
24383
2679
71386
64200
25437
29442
80841
317
55964
42784
25289
91115
9427
31237
73576
39513
76952
2906
29734
19767
15698
58000
5730
39502
36512
14983
85270
65961
36681
12353
15766
82972
3049
81586
21586
70970
84180
94259
92239
17775
65862
1426
22241
91959
39010
22319
84805
21372
13659
88492
85933
997
37089
47891
15598
80140
84819
78484
27649
19654
16476
10296
54582
62853
47779
86549
90933
33807
92082
58097
62573
47257
95922
10209
16450
12089
34093
84255
85585
4076
86558
41569
90024
99226
91813
42845
52679
28279
53763
67196
52634
30718
66430
55657
7655
77032
38079
14751
3065
24604
59750
16672
59781
20335
47672
17554
68880
6559
69457
39194
27796
13425
50720
70556
93846
68217
99584
81574
80761
31368
37137
31770
3923
40261
39401
65976
39150
93734
67848
89927
57455
89898
17691
43390
58339
16339
16735
10755
29854
79416
6787
35579
13250
66117
14964
2792
14175
5291
19540
60017
95208
98692
8827
26316
85203
12836
43384
81628
76181
3120
84501
7148
85887
23376
5059
7354
22751
88784
28315
85898
87501
2793
27472
66475
39998
7383
72772
5498
69270
9317
14203
69371
92988
10109
43540
41041
85081
45848
92479
56097
29672
60245
32931
44530
35719
59668
31193
41161
88978
12246
52236
62850
97489
898
95930
46643
67934
64856
22164
1877
32106
75938
8874
83439
80829
88234
10809
28422
44217
39247
3346
84411
12434
37507
32279
51547
6550
89552
84615
65982
43259
50241
27089
67573
81626
65971
11101
28192
66045
90431
2566
49650
44627
63450
81608
72501
2231
61967
33812
77075
93463
10665
50188
31553
7045
96178
366
52832
99469
42588
93496
49666
88161
99008
3482
86616
79847
98535
27920
41537
71763
41154
20569
92753
13822
73340
37599
71072
88984
90354
59091
9015
49400
31766
97181
15182
33404
95380
3020
94002
56083
95971
15036
21952
81313
6673
33698
57733
92933
44944
30699
47959
93012
46018
36133
88489
13351
92366
29511
84707
71280
65512
38146
27873
92662
37647
6727
29876
6958
2556
5103
13521
16734
79
72528
87425
41114
8309
33610
13655
30859
28008
940
87838
60798
24369
28367
32525
51789
38028
24907
7311
7374
87056
53952
92281
30293
10835
83697
71686
24743
54723
63906
38530
44968
26527
64898
51539
14483
8988
38674
67747
99174
94807
85325
60831
53626
73712
5987
22689
76851
83623
15125
15843
30488
43159
32528
88370
65448
94042
73573
94630
59830
11561
82404
37807
22626
47729
11476
12878
29169
57203
66403
7137
37642
88358
74937
3968
5120
2496
34527
60516
9650
81800
70049
9263
25014
40013
5087
96293
80121
613
52981
87444
34557
53715
49995
4005
78651
98722
12456
91747
92964
89788
77896
53054
27960
34538
10574
93279
86583
40037
43636
40169
46623
70904
22815
4185
59421
96979
97692
45633
63379
89789
11664
9264
10816
72831
67126
46028
82258
5791
74020
29335
28126
78932
7857
92444
60878
58626
45332
66859
90234
67329
12500
72963
57897
29834
80689
99292
62646
24751
83660
28413
85272
66673
97646
32161
28668
38351
89084
91644
87217
29836
32615
19151
58976
25134
25621
38406
3597
31902
51058
5481
29096
14913
96426
54027
39186
28294
93487
4542
75480
83831
41624
46934
40255
67578
53422
66367
54419
11658
76532
48111
56524
84674
78963
14703
63142
84812
2239
45436
92688
84447
96976
38242
51983
82526
36846
71422
15363
1507
54693
10322
23142
12640
92483
85400
68225
31007
20986
47610
60483
54907
38871
93193
84109
83912
79757
74856
67163
3972
44291
72462
94531
99166
19416
61886
62712
8554
26455
29943
81855
23591
68120
23190
2996
77414
29796
67713
9801
95876
6921
61604
56009
66174
67444
59980
68588
72702
8541
24779
79211
11342
6089
94175
10490
46287
60661
89539
54239
37216
58030
2451
47388
35279
75445
70327
36976
1966
42296
80568
64121
77933
77761
97221
58782
61932
78350
64508
38740
90806
51002
64897
75909
93330
30000
10989
57331
98660
69448
10384
36500
19838
93785
7971
45451
95303
86578
21522
75309
97395
49420
99719
50527
5711
2065
32999
16748
97522
90517
71045
35530
3820
58476
42744
24055
71448
873
42087
70010
54583
83131
65840
36860
66151
6334
80658
35297
98931
48511
74313
22558
44498
27899
18479
76903
47954
66184
96192
7045
21683
60099
28526
7447
95451
94508
9380
58392
89460
93530
71222
77767
22960
3772
85112
63390
66303
12836
29383
89259
38065
35986
71672
51158
94063
10860
59316
42828
76431
13264
11298
96870
57481
60402
56185
67030
83955
13015
99730
61998
99762
28656
45423
65657
1571
61958
79951
23267
59926
59078
50563
18464
17570
90030
65018
18277
58901
27931
29416
95516
51740
58841
9720
40428
23659
32910
39568
93601
41538
99731
1185
86968
80378
32420
89848
51955
9709
14909
70290
46957
60434
23301
91407
60811
49911
90427
58161
49682
84918
40595
56903
15236
840
42796
47282
58752
63676
44378
17956
1690
92230
90836
71303
98596
94701
25678
60339
82346
72776
28251
4523
42265
15645
80507
24069
65342
9829
17682
40351
95825
11081
85871
40024
43080
4279
99241
58439
91897
2056
54337
28773
20278
81052
46929
94626
54050
1754
29160
16913
29419
2520
95336
42706
70310
21441
62293
28377
39655
62218
55844
21168
91466
1702
69956
37368
54721
75133
63648
42535
30424
31145
47372
78171
95885
65585
82846
29892
74719
17770
27449
14552
10167
7758
36995
36586
65513
17071
17142
46667
40874
51787
94739
6980
62600
52453
6944
75825
24974
84644
9187
78633
57074
59794
18474
26494
94283
34228
74114
47995
33295
96000
9555
48053
98729
40781
14141
19255
96147
23628
52997
5192
82765
33464
75478
17746
47808
60397
56713
35122
84462
18488
39689
47346
92157
2396
21017
85984
5023
52073
50026
99201
68597
45294
15458
83239
96830
73855
82901
77188
1537
4621
89266
35104
64617
94465
19889
83209
40316
32812
75983
94851
2765
24905
29549
98676
8021
4282
98617
91315
81815
36117
69852
31221
78789
42731
51113
59535
20205
1503
30501
15674
72359
81110
48568
76399
22213
57756
31790
79901
29825
40787
39422
83900
44832
72257
21605
92081
98108
74950
91512
90681
46971
24732
18990
93079
4462
17973
1118
78753
80534
65215
34475
72204
25785
60405
75928
81604
81746
73012
72700
68934
97765
85225
41309
56782
19298
88878
36988
64043
7032
63293
44060
36471
69821
58566
54774
73101
30821
1465
68758
47226
54411
71779
47325
94719
65032
40401
46405
31440
93729
239
18747
93283
41299
85833
47900
40771
84046
66914
85696
24531
41191
43794
18794
5030
85413
65987
15521
84981
53098
36286
55815
22723
54662
98141
21568
55770
53365
28100
15733
45044
29322
99663
14257
31350
25178
40879
31542
18608
51256
30257
10925
61489
17720
94173
41383
39991
39055
39316
12492
56311
58156
93954
59057
43088
92655
31517
95296
3367
63086
3032
23816
29501
3263
31092
70179
93638
25842
3625
69569
99779
39111
47825
78818
92890
25587
81085
55245
11124
92731
89748
24282
79725
32317
6335
74219
26293
8225
47989
99724
86138
85581
87916
22077
77989
745
71232
26324
39545
5243
48112
97389
73556
78699
71062
45288
90958
32349
21429
84455
89174
58902
85846
57277
99926
67431
99350
48209
68999
46849
14000
36694
14595
41666
21204
89375
56118
44413
75758
52059
61890
87993
9781
30155
3916
41821
62578
22875
60987
17853
32852
2198
73799
86292
1977
87570
58912
858
11981
28370
8409
46200
46002
15091
33844
25075
74727
57995
42701
10464
98925
84101
50245
38157
41307
46560
66441
52942
9972
98280
41827
20569
83739
95496
94594
41242
1128
99977
39198
80796
29989
25796
64787
10917
36085
3560
4424
90418
74261
59201
71178
81864
16847
66753
88725
27238
12408
52290
87516
14968
91907
49663
91144
89798
66187
97569
92989
93044
25650
98834
16477
47362
98724
41994
45650
63096
97996
41375
95717
59709
93886
30833
23039
60009
89063
28579
99800
65810
20561
54941
50428
11290
14544
57091
36219
46149
11637
57315
96422
99950
84243
12608
73071
13214
70956
99292
7933
36227
92594
86477
15906
27862
68694
36344
35944
80665
15410
34730
94559
39115
79899
25103
86981
32179
42829
16646
44840
25672
70516
83741
54873
12513
5194
35334
24042
29857
26427
59293
73917
31509
98426
55369
60446
47839
29030
19687
88657
60327
78310
23718
3921
58608
49826
7801
35561
59598
83668
29940
79954
37195
96038
53936
34280
42678
834
47546
39967
98401
3700
75408
19884
50777
61758
69565
41888
82489
59682
60310
46380
85614
90324
22229
39669
19650
83428
78910
77144
67344
95233
91518
31495
2893
21723
96960
63903
13945
91707
9954
66858
60099
9652
37051
19332
66047
57190
76993
82737
38371
63903
4104
87062
3168
95082
50875
69803
69757
12522
9615
83891
93661
32782
33309
52135
9637
39986
86664
96355
89680
79424
17335
35174
89831
35281
9398
5559
3322
51443
44655
61433
71182
66800
2462
48976
26254
79219
15509
52054
104
67256
91378
45982
6473
51292
2842
30840
72401
68950
29118
78336
25107
21823
48398
4341
18429
8400
97027
54503
68683
18395
67255
19662
74694
34003
19268
6921
58471
19899
32940
14659
20366
25399
99497
47399
41601
25008
48666
48478
45676
13279
36347
46512
97595
91842
89344
1852
92672
8969
98300
35639
82683
84351
87892
57939
83251
57233
25772
38050
85532
3121
4025
38222
29017
50890
167
26447
46782
15803
79499
64174
20430
78937
2826
70399
7789
60918
71402
25584
75878
17927
50888
45408
76597
88655
97013
59520
60510
22563
68463
17503
82046
46094
7669
63621
71354
13475
25358
13539
2334
10788
9686
164
873
27766
31341
6240
77215
80315
40380
35139
32872
13564
35163
37156
36651
96586
51645
3303
72228
34
35676
77586
70363
25321
27307
52066
14500
23445
54574
9180
171
23156
81264
20474
46009
58103
4780
97372
88672
48775
10788
82541
39338
89085
94823
66557
66769
1577
61137
10423
41998
71520
92126
96793
42267
13940
8119
5904
61472
56979
45414
80291
17565
31600
65615
14189
52762
85189
3482
35121
78612
57516
82742
66381
50830
11144
58775
35154
26527
65629
11235
45253
68252
3289
88999
69588
39025
749
98349
12444
61637
3913
82490
48186
66670
98647
9946
67837
47797
81674
66826
38955
74892
94176
97566
61334
10164
9267
47555
58124
55672
14323
41105
99901
28494
83979
57860
38695
33306
24486
38103
39633
79779
32236
57907
35440
73182
17074
70854
82750
60091
37579
32734
21674
15302
63456
95170
40186
75093
49002
49311
11531
32125
28015
95609
24721
15897
22602
56627
75411
55334
64196
10978
28263
43620
8150
37520
34359
21726
53966
6423
41689
86008
5724
38048
11942
59338
35947
53470
25618
56095
82992
14873
99580
97912
95357
54896
92558
93406
18682
51723
17278
95256
65617
1149
79033
12961
16630
68485
70265
97359
39057
90799
32660
79041
8430
7445
99850
62724
44191
24972
15684
9035
45014
50694
24703
85645
9775
95002
17372
32463
9924
7789
18952
493
56666
51840
81311
26956
60849
52011
27963
28180
51025
9319
37268
99172
31989
71178
365
67068
85216
94403
11115
32354
53357
95380
57810
79706
72119
16691
92130
23587
85986
53570
14316
4663
79808
98187
7749
8905
20551
87625
77563
54237
29911
24664
94988
99366
57967
70747
57360
32008
65206
92079
90792
51416
54585
93434
88381
18204
69718
80826
55440
74653
65641
80875
93358
66901
2894
36833
14117
24408
58258
8441
94562
64635
39646
46613
78861
91518
72487
88701
7294
32081
9717
20600
50544
52920
21606
27254
94625
35126
82918
79845
74508
57503
82463
7690
63834
88954
54211
64888
14081
44068
52669
87065
7709
23770
91044
11423
16923
75902
59343
45472
32509
65227
59112
79981
35879
29687
44625
53890
63248
85201
43841
38750
24677
95448
68565
75399
36712
91185
22906
32760
3524
46934
21616
75950
38011
49068
87623
96060
66907
48311
18609
30431
55233
77500
15482
97757
61203
22183
66008
10049
4165
14267
48329
4871
75637
57380
75218
17787
56931
3678
82897
18073
24107
20561
31075
30109
5200
80851
22927
98519
94131
60286
26725
35962
55084
1156
33125
75280
94459
3148
6850
95817
60449
89177
34967
90765
95687
50238
23225
37683
90988
79279
11198
6183
85606
63704
66604
29519
63846
6
42542
44363
71166
30944
39045
12596
52625
16148
27766
48652
63732
91243
92940
59864
73485
40257
94261
17455
11880
13848
61174
81010
99327
87553
79536
32975
55916
70059
35159
3654
91691
67051
26457
51287
40879
64737
27673
92071
64634
48640
39368
55455
22794
15796
30141
36728
68133
80249
39739
95851
76351
10716
63959
844
86016
5057
954
58278
49854
48227
38538
69610
65366
4630
50301
17135
21717
3592
30398
26742
88971
79795
46482
47678
12057
74166
68755
16834
94669
95109
77504
23829
34171
45322
4081
75804
18896
10808
73971
48866
58729
98102
82356
77813
16769
82351
27958
10134
38487
88791
48658
32184
85456
50513
51196
86610
87403
79719
81550
44106
5787
7057
20985
43207
45611
40344
53183
31513
98995
78818
74043
89321
20102
52301
78824
92093
54020
93684
8320
62358
46110
30963
76082
69166
27101
85941
37435
70068
4769
71091
59982
12805
95804
49163
22082
63298
75572
74473
47313
8080
10039
62435
70819
12378
4767
4802
10385
1134
8031
35851
14835
42933
1706
63813
1796
39688
76900
45318
62312
38262
41450
48560
87934
40910
83622
8925
2055
24976
90902
58120
65537
4817
17149
8183
67123
65749
37708
5779
93669
97450
12130
53280
26396
83309
53707
11733
55962
33975
90453
6081
31058
83735
60312
73825
8615
69501
50214
52263
91253
21511
77916
83902
34948
63558
44603
2117
6328
27447
5585
93743
70633
26248
11418
49272
13653
28173
31752
14825
68963
86869
96160
79551
32565
33113
87301
51854
93205
54669
65211
15128
28697
49666
36962
13406
78822
38739
42848
10943
19686
52553
47810
51922
75549
70297
22421
21530
44303
33862
60469
32360
77133
73161
13401
610
87593
21873
38365
99173
50089
92434
44842
41047
58347
6654
3535
23267
3289
98313
86671
23822
1139
7461
85681
98297
41994
37140
28756
13861
74662
51862
54371
98768
95904
54086
48741
58820
43449
26560
89213
10011
51455
11570
99714
52225
33713
17250
57466
48781
22433
88287
99367
44527
72047
30691
13222
23335
31852
94105
1844
58782
74783
34637
59442
91284
6308
58401
80518
62539
8460
26711
86239
24257
15475
66880
67512
98592
15292
58520
23879
95589
17053
96770
40815
29831
7299
42776
50295
76821
28218
80774
67952
81006
16404
8482
25703
66151
6607
52647
75245
7792
73864
43070
61579
35834
26899
53945
18992
55177
58072
28100
14586
12425
91055
69109
18634
40018
86205
67771
32785
49658
19448
30226
7897
81327
3034
46419
97462
80011
4681
64303
67346
73638
56211
86866
171
7349
25242
370
63731
8809
58647
75414
87697
46775
98073
66719
70137
72861
42286
97992
48253
79842
42303
49150
14779
71267
92555
61932
46310
82129
9774
66164
94559
55503
84381
64788
77687
15290
35455
86716
23908
25639
1164
49500
5184
2633
64850
75481
15586
85557
70654
455
21468
40971
15950
51467
62417
61831
85523
42098
82832
44396
5803
10688
84676
65107
13746
94272
94723
39
41148
3674
40016
54023
82719
57775
71317
92871
95813
1765
41609
93913
27115
71283
97267
45497
12931
27518
16532
25825
56400
7695
54492
7899
77694
76910
84023
73464
17876
7190
24753
65725
25769
46833
74130
570
4956
11756
45544
48209
88712
73393
65106
12495
70297
36661
74162
30885
63227
37265
35616
78807
56587
89106
40573
38702
61689
80282
82424
48095
60217
42460
89881
31987
95752
79051
13278
6112
55373
69798
84979
15743
83441
87718
48677
10775
21507
6874
73865
64107
27783
82214
39939
65418
35793
41149
53518
33751
41853
75074
65535
22779
44932
10791
31881
37849
94609
18198
50795
33529
50029
80327
56000
28489
8338
32798
54640
28464
21573
33813
54841
81913
14096
6603
55549
87246
45400
17244
93167
40981
87164
40855
25923
74798
61137
20326
77893
447
49780
86590
73862
65081
78800
38927
54213
60546
95502
46404
13771
18688
98768
39309
84390
51847
29299
12844
28412
64551
41559
41055
76489
88890
98934
88683
85482
83069
99956
71603
5296
14598
79637
14010
82034
12932
92260
17530
12108
34987
11368
53239
44602
16454
9302
28846
34504
18688
1666
89289
7883
63125
28385
24944
63654
30576
12396
60928
89447
75574
36175
28113
33173
58982
53771
20591
68726
99915
32783
37254
95653
33378
58918
92729
45327
30675
32256
86446
96536
24773
36399
82
18177
61363
70234
91617
40868
38964
40749
89437
83665
64790
5605
90299
6349
35053
64128
35038
11538
68113
58249
6499
17970
87810
69716
83667
85003
66981
27883
41985
2057
95006
42846
5036
23687
11450
78486
4507
21138
93468
75418
62457
39230
93134
14776
84530
89833
17265
28079
54392
48220
84419
89514
56048
44450
77473
37916
29330
80653
8530
94961
26041
63301
83288
15616
89648
6916
5083
55555
99403
74407
14720
50046
46306
16256
77044
49685
17412
86985
64600
44200
68780
46076
18783
2103
52152
96726
93483
18875
39160
38158
14486
75204
66967
56535
73211
55718
2520
18971
82105
19803
11394
56930
98094
23680
73761
77588
1872
432
89577
89599
11168
46887
61387
85706
93548
84720
76239
30884
69435
65349
53372
51942
8002
57543
47850
22524
49245
15793
93733
64188
86598
85969
96085
46067
72858
51839
8548
71235
67820
19708
79379
57175
26185
56160
5882
22650
88179
83949
92148
47373
77651
78671
99631
7242
25592
87073
78727
56949
59947
80347
11126
30871
46834
20741
50077
90877
84102
93158
61780
41798
11028
89504
86338
58161
9825
94606
62697
80415
17166
22763
76482
19588
80377
12330
83606
41106
46077
35567
41070
91200
82289
28390
47204
24814
63673
17053
65226
32002
38247
16767
10420
47417
50450
32424
31544
75441
68230
88752
49610
59331
39901
81080
25792
66954
80098
4172
80944
88895
97679
58743
25610
85754
57602
46468
55239
95838
32824
95829
96032
35787
6789
50558
44624
87643
82748
54857
67874
20724
93158
14149
20016
34013
72728
31764
1669
39787
38172
3700
1194
30949
41935
97088
72221
58234
39434
35998
70878
83928
64845
97257
19955
1308
28516
9635
90962
98280
94923
67997
98769
907
81196
89825
13264
11968
94357
97986
63872
23171
69677
70556
79540
10202
35783
45607
99953
36542
30670
41386
50359
90690
62045
16305
38893
73250
55131
16205
63019
55830
89080
29573
11681
22540
67647
19155
46602
39806
18445
48266
44294
43704
826
93054
45315
33451
6758
24807
4258
84696
17735
4100
14773
19688
946
969
91259
5192
90516
28652
30864
16292
30289
55869
18547
54852
89728
82323
82082
78518
58649
4760
30304
87753
4316
52355
2555
3086
40092
69930
84922
59395
63676
63256
62485
32887
57768
82818
52526
93559
9300
34265
91462
73315
66749
31923
53480
28149
45880
1923
56046
52671
41435
2413
5889
80414
36637
98562
92558
49135
99729
93134
29605
57603
38832
43204
24351
1783
15351
88223
25012
43774
60482
92663
49901
57611
84853
74769
67249
13097
6219
42026
13420
51618
15292
98061
65739
83724
89475
717
59867
86062
89598
60358
22050
98406
36917
58207
11493
64825
88793
13781
94375
19240
706
57082
84694
56010
70665
62302
96297
35587
51901
76668
68328
87179
54096
36940
34492
49933
89635
69416
2153
72924
77685
10441
15686
13923
43398
1897
16643
15937
3099
86875
57965
49456
88564
38291
89654
51521
50117
46658
47715
81524
41997
12624
85215
32690
16546
57486
62564
9788
28091
20468
22991
57795
95095
77602
74056
12900
22315
59381
26573
91443
82435
75446
25975
26367
12298
92051
27293
19066
75041
23185
57421
23155
41080
11885
67209
7741
15764
14062
56956
90481
98818
46145
98702
90425
42882
12189
91955
38433
26889
28372
91744
53281
58236
78421
26946
99553
64448
96213
82126
92363
33764
68869
1011
48691
41466
24065
97025
9616
48094
20915
66482
68589
7817
62665
99605
98859
4581
88633
80363
65401
87802
22459
86809
82914
30071
8223
40696
19834
9269
76774
58483
80133
11472
69966
56856
45601
41023
71344
3466
19736
11850
85468
39350
4736
94807
77597
9287
58298
63606
19957
59095
97772
45367
44505
14605
25050
75966
8566
6667
42389
34413
54236
6146
12467
42440
85951
11744
60648
54949
53136
74032
63848
46659
53784
46225
8620
35063
79409
63883
75819
50530
84585
7937
57625
66943
35586
1149
94224
7050
26501
98327
25059
69661
16404
90724
79663
58085
46106
20045
4593
64454
24165
13679
95702
17353
75609
97129
76741
8367
46295
82447
78458
88443
43123
8641
22213
7227
43675
95746
85418
70774
54477
62267
38726
58776
22511
92906
30596
58315
88362
37200
81809
6956
83421
51147
48423
21014
90276
67800
60214
44635
25424
73592
7967
42288
9488
92330
54209
8967
67311
63132
33376
83099
27412
78738
24384
13813
9057
30686
27521
73546
47688
59660
36840
74702
42019
87747
24992
87682
35989
46336
91532
95812
51740
28375
8327
4977
73043
90461
62840
64180
59116
23190
1857
24138
67045
72003
38618
67474
26158
86892
62015
92905
4525
45386
46973
46419
35252
4510
91237
56001
51477
55569
16173
76248
45673
28181
65677
38769
90598
93082
9461
19644
50396
10086
89400
34161
66572
58092
78830
97788
59713
58747
76250
25964
48179
81954
60709
77255
80525
97172
68799
2795
93634
57471
51505
69709
29309
37282
76517
58774
66409
26637
51904
25592
10269
1559
22534
90170
31172
46179
63582
48013
57212
20399
89898
79539
97875
94558
20738
90435
87560
76029
93913
49780
7076
51171
13955
62633
45070
87587
54946
32758
59091
99851
43553
74511
80333
36868
34926
13728
31064
40456
11451
57661
29483
87713
47461
55455
13134
20030
19151
85770
49379
91608
9283
74794
36075
46543
16549
14646
81462
52832
57003
9256
50405
93751
10104
38160
149
73973
12577
71940
80154
81280
48382
52406
90309
96745
54955
99739
59680
64159
89123
52771
88113
51880
19842
2648
58132
22095
15715
31561
11504
76281
18543
39477
36850
79785
3101
3978
43228
30217
76208
94838
25574
68879
47594
37347
9310
11437
51255
39983
16064
84376
5638
1394
77216
56226
89150
96911
73917
51345
85723
18881
61566
81743
34376
56658
71731
48979
70690
16784
63783
37516
13812
62734
24831
15123
10355
36219
98141
71832
34886
89441
82137
84833
7809
53791
29182
49854
7012
51153
86605
4996
43729
38593
32162
37339
44761
11874
74758
97474
5076
46219
45168
77478
60003
42972
75183
87903
10791
10894
29076
72392
88757
20267
90098
20468
68836
65096
96232
53293
64484
37639
66879
16294
56460
4003
59293
43189
49924
70778
68074
63654
40902
15163
57345
6798
21522
11286
73283
61315
24815
34269
75128
49205
98299
13579
31636
45920
39011
83486
11681
83664
72738
84597
96497
57681
47434
49497
43144
4397
58424
50137
7160
10363
53464
90827
90567
50859
66122
43016
80788
88213
58478
53705
92236
80990
91652
74477
37756
1419
62661
84065
79435
57279
42169
64233
24632
9194
95755
3617
19114
15745
93085
88216
37267
99407
16376
17557
81195
59355
43357
23463
92685
22638
79660
21119
54026
13627
29635
22225
61896
79452
44337
96394
93550
74498
59209
84944
77739
10795
2330
54941
82595
75985
92707
4819
88218
96294
40795
82730
50126
49751
53145
66087
70593
94622
66093
90682
29325
49391
6235
46392
10940
59366
79768
56396
44708
10904
18933
42265
4465
48300
17156
61047
27139
59903
65266
38012
91218
50531
31011
65441
25352
11739
91719
12623
63097
39250
92765
20494
75833
9578
7939
58872
96442
71186
59591
96593
92051
43673
51567
71890
9392
71226
18139
77452
32315
5350
41265
66537
86462
67257
28579
37059
12261
46403
38176
11008
26785
55632
34657
78671
33145
60860
44758
62854
89841
85824
20483
34677
18898
68214
69053
2393
40653
66540
22812
97404
24764
43228
76343
34841
11439
44970
9100
4020
62789
55955
61440
94962
11466
92820
81626
52189
22461
83399
56738
30469
70164
54857
57972
61232
28787
571
35591
40847
46133
3372
83222
17665
63064
60996
58213
56714
55439
90129
14529
95992
3995
24248
97041
56125
45536
72965
47702
30581
49885
16760
60688
54470
57654
43920
23275
31587
71967
44835
65341
42516
83238
84468
35510
67380
7309
8225
38995
12588
95215
40326
51500
89330
64164
90904
21580
81362
7809
98274
66906
92740
17407
94102
14607
77284
72296
84529
6617
92814
5789
65299
58132
64846
81874
94227
62193
49998
92543
69146
54776
27729
33213
38990
97040
9429
35859
86558
78081
34446
10560
62449
73577
21062
82533
73966
68345
78044
99698
95074
94043
29987
40837
91584
80941
38074
41342
35706
60328
60483
46860
11697
37801
88262
63274
34591
7599
90976
81413
66040
67378
59451
14609
64483
58830
60767
98349
90145
28355
14992
85357
2873
71847
66913
76144
47189
60089
34227
13124
33779
30034
45980
80491
93009
68048
21122
65906
47704
40091
97833
45193
35466
67421
19438
12662
81896
55583
1346
93772
19326
8826
18284
68017
76690
17499
95028
23003
16882
41008
78289
63639
37479
72509
60706
15330
87414
76669
80628
3265
31149
6949
24803
74878
41601
89323
6916
65184
50459
5474
18806
92043
5907
84452
13629
49225
27719
12901
57892
91698
63652
14924
54728
10309
64502
77247
71505
13361
80010
5459
87576
54066
48844
75062
72191
19067
14682
83897
28560
9486
58666
33299
49954
80030
18653
47128
15126
43026
95269
48516
93502
86220
15535
79641
18870
49656
62134
89263
14849
17791
91907
88800
20919
33710
85938
57168
70003
84384
60300
14757
24851
41114
81649
78268
24178
73836
55082
62019
30941
2710
46750
57335
63575
68401
61868
15014
24006
24155
62039
13419
41515
43436
33782
73650
65831
9751
38157
39106
20835
65909
23953
75334
87947
23316
5872
99998
70908
65604
8383
25937
50342
83796
4170
23476
71554
89331
76949
21465
71911
96946
34844
58481
13101
50332
15218
93561
58586
2841
52385
31677
69041
62207
