50
66
154
188
301
421
620
844
956
1126
1359
1370
1590
1863
2061
2085
2805
3169
3200
3279
3308
3404
3423
3470
3584
3683
3693
3752
3776
3789
3887
3905
3951
4125
4226
4228
4299
4304
4774
4844
5102
5107
5202
5208
5326
5599
6033
6279
6417
6429
6483
6503
6523
6623
6803
6928
7011
7144
7165
7169
7236
7637
7746
7835
8011
8034
8537
8555
8607
8820
8853
8881
8994
9207
9322
9565
9579
9653
9667
9691
9816
9972
10258
10275
10374
10391
10459
10546
10641
10672
10744
10789
10846
10929
11024
11063
11106
11112
11168
11183
11227
11269
11291
11512
11518
11688
11842
11868
11895
12088
12110
12186
12247
12310
12680
12681
12735
12771
12844
12874
12932
12962
13241
13262
13313
13367
13375
13437
13524
13907
14020
14038
14351
14357
14416
14447
14508
14745
14800
14815
14877
14945
15078
15138
15162
15463
15687
15799
15842
16125
16143
16268
16500
16537
16611
16633
16736
16821
16859
16956
17162
17315
17455
17651
17756
17814
17886
17923
18000
18153
18202
18227
18282
18290
18306
18364
18659
18671
18811
19253
19269
19343
19356
19408
19763
19906
19937
19982
20129
20145
20232
20315
20537
20726
20750
20780
20780
20867
20877
21347
21731
21926
21999
22124
22331
22432
22531
22596
22735
22763
23209
23234
23262
23263
23397
23492
23567
23617
23676
23824
23855
23879
23976
24081
24126
24202
24241
24303
24371
24435
24516
24577
24692
24698
24708
24770
24919
25078
25092
25153
25283
25340
25350
25382
25448
25490
25521
25666
25835
25949
26011
26156
26268
26272
26284
26509
26522
26651
26714
26803
26952
27119
27308
27427
27470
27632
27852
27906
27937
28460
28536
28730
28733
28799
28920
29082
29094
29184
29198
29208
29266
29295
29419
29451
29707
29760
29793
29890
29898
30080
30123
30136
30208
30233
30253
30402
30440
30455
30607
30686
30729
30786
30998
31223
31249
31253
31331
31575
31631
31634
31692
31708
31815
32116
32311
32367
32384
32470
32883
32940
33024
33270
33357
33386
33471
33477
33480
33566
33627
33705
33727
34129
34142
34190
34219
34342
34395
34591
34677
34710
34749
34939
34958
35039
35074
35167
35398
35413
35485
35573
35670
35821
35831
35903
35910
36008
36093
36116
36211
36401
36477
36578
36695
36753
36778
36896
36957
37022
37024
37064
37092
37097
37127
37185
37260
37308
37428
37443
37558
37604
37653
37658
37660
38078
38096
38426
38438
38616
38718
38802
38852
39127
39545
39552
39586
39628
39721
39873
39913
40129
40279
40293
40331
40461
40484
40907
40978
41011
41107
41210
41247
41344
41407
41623
41682
41796
41903
41944
41946
42054
42154
42251
42267
42369
42378
42503
43047
43058
43072
43074
43542
43633
43735
43746
43812
43823
44065
44140
44143
44229
44232
44492
44591
44628
44967
44989
45055
45220
45501
45560
45704
45794
45862
45922
45930
46003
46128
46164
46284
46318
46372
46392
46521
46821
46842
47047
47129
47218
47274
47423
47424
47466
47504
47594
47651
47657
47676
47677
47703
47727
47741
47955
47988
48031
48123
48337
48396
48454
48500
48626
48657
48724
48889
48931
49037
49208
49254
49600
49738
49799
49831
49865
50009
50071
50111
50181
50273
50275
50301
50376
50383
50394
50430
50476
50583
50715
50836
50903
50970
51114
51226
51385
51386
51495
51681
51857
51874
51891
52144
52144
52172
52485
52687
52848
53047
53101
53131
53348
53358
53400
53433
53485
53502
53521
53558
53604
53625
53730
54185
54234
54454
54519
54723
54941
54986
54998
55006
55019
55053
55143
55396
55648
55656
55753
55957
55961
56138
56392
56529
56606
56658
56687
56735
56842
56907
57073
57143
57187
57231
57294
57457
57578
57666
57869
58007
58123
58132
58149
58400
58574
58654
58797
58867
58966
59063
59084
59092
59099
59126
59394
59415
59477
59506
59571
59803
59818
59868
59895
59926
59953
59966
60138
60158
60165
60478
60736
60835
61088
61510
61575
61824
61837
61936
61979
62036
62208
62253
62483
62623
62659
62739
63228
63247
63275
63391
63483
63508
63635
63735
63885
63885
64354
64411
64428
64620
65116
65118
65146
65157
65168
65203
65229
65269
65366
65405
65418
65423
65432
65598
65808
65891
65992
66011
66033
66062
66093
66328
66347
66422
66479
66503
66894
66897
67050
67076
67119
67153
67510
67697
67733
67804
67913
68003
68082
68344
68439
68446
68727
68983
69119
69212
69382
69762
69815
69856
69884
70267
70325
70533
70672
70677
70923
70944
70981
71080
71373
71422
71443
71498
71545
71610
71811
71875
71899
72184
72193
72257
72379
72382
72393
72416
72417
72424
72523
72639
72748
72750
72829
72959
73005
73024
73130
73146
73189
73241
73433
73555
73567
73578
73617
73707
73810
74180
74493
74828
74844
75048
75083
75112
75112
75340
75442
75792
75860
75952
76073
76320
76475
76784
76912
77021
77075
77081
77188
77261
77379
77452
77493
77776
77799
77951
78001
78020
78144
78223
78275
78308
78332
78459
78609
78630
78842
78956
79088
79210
79239
79294
79301
79309
79321
79447
79658
79720
79757
79822
80239
80299
80381
80402
80489
80544
80557
80692
80750
80855
81072
81121
81319
81374
81415
81470
81544
81710
81809
81939
82299
82379
82417
82444
82596
82712
82755
82829
82837
82838
82844
82880
82925
83270
83502
83589
83744
83870
83944
84059
84097
84309
84328
84392
84426
84428
84606
84692
84715
84717
84771
84853
84857
84940
84981
85394
85450
85493
85863
85954
86000
86016
86104
86178
86249
86321
86366
86379
86486
86499
86545
86578
86651
86694
86787
86935
86946
86954
86993
87149
87277
87541
87547
87577
87717
87778
88086
88157
88157
88232
88441
88515
88550
88615
88917
88967
89013
89315
89507
89507
89535
89540
89653
89732
89773
89838
90063
90198
90217
90352
90437
90626
90645
91017
91128
91161
91238
91298
91327
91396
91416
91461
91492
91523
91561
91633
91687
91738
91854
92195
92288
92326
92338
92534
92601
92631
92676
92901
92984
93060
93141
93452
93646
93684
93727
93741
93812
93825
93938
94028
94143
94415
94486
94492
94550
94717
94867
94983
95135
95137
95190
95241
95282
95320
95431
95804
95841
95993
96059
96241
96255
96284
96356
96478
96537
96571
96827
96956
97085
97090
97138
97283
97332
97480
97584
97844
98001
98126
98142
98254
98290
98504
98573
98834
98986
98991
99095
99137
99210
99257
99259
99350
99390
99523
99780
