34129
71080
58132
17923
67153
36957
30233
86016
58007
27632
844
25153
27470
12186
31331
70672
59953
89013
80855
21999
14447
6503
92534
72750
49799
18000
65418
78020
23209
15463
97090
17162
39721
18153
41107
55656
30686
37308
26284
24202
80402
73578
69382
50970
29082
25949
20867
84328
48889
16956
77021
94983
16859
88515
75442
8537
81809
57143
81710
62253
23676
66033
90217
49254
55006
92338
11842
86366
41011
47703
48031
4844
8555
82299
94143
7165
3423
32470
421
79757
79447
17455
78308
34190
56658
33471
92288
97332
72417
53730
75048
51495
6523
97584
7835
8034
30786
84940
37024
82712
87149
91128
35573
70677
97138
57231
92901
99095
12110
91327
59868
13907
72523
14351
68003
38802
43074
88550
24919
9207
52848
68439
12680
25283
81121
96571
55053
31634
45220
22531
26952
84692
14945
14745
45501
28460
80489
67050
69762
62739
44628
37660
67076
91561
46164
90198
27308
59063
91738
18659
66093
62483
82755
24371
5202
81374
17756
45055
75112
84392
94486
73567
72193
620
72424
8011
18227
84309
66503
26651
55143
50903
73555
65229
54998
20877
71610
11183
91633
86249
58574
77799
47129
61837
33357
49865
88086
78001
10846
10744
33477
65808
75340
154
22735
45862
56842
86499
58400
57457
83270
4226
93741
7169
19937
53348
47423
15138
86379
91854
98991
58867
45794
82596
30136
81939
30253
59084
36753
42251
93452
67804
38426
10391
99390
85493
80239
88157
55961
85863
50301
96537
59099
90063
77075
29760
16500
55957
95431
63483
89732
86694
46372
17651
12310
64354
70325
96827
5107
23492
29890
87547
65366
66347
48337
65432
49600
41944
50275
47047
63508
20129
6417
83502
41344
88917
61575
24708
19763
70981
66
78630
66011
24770
31223
62036
77188
90626
71899
1863
41903
6279
91396
30208
77776
32311
94717
95241
32367
47955
51874
34710
69815
48626
93825
43542
39913
79658
59506
13262
74844
22432
86486
33566
18811
77379
23855
37443
13437
31575
47988
73707
16125
7144
94867
86787
86000
91416
81319
44143
12771
3683
95135
47727
19982
9667
13241
28536
61824
48396
51226
60158
25092
40279
69884
36008
24692
65168
75112
63247
4125
99259
10374
76073
42369
57073
86104
11895
87717
72639
3404
59571
56735
79309
21731
32940
16537
12681
10789
89315
7637
54185
34395
65992
62659
52144
3905
24303
47466
37558
61510
20145
29295
30402
80692
77951
46284
43812
59803
59477
37428
21926
42503
71875
29184
89838
43058
39586
60835
23617
10459
35831
44065
18282
84059
30080
35039
58149
10258
95137
48500
26803
36093
98290
81544
50111
42267
94550
23976
37260
78144
36896
82880
79239
17315
51114
92326
71498
63391
95841
79720
34219
97480
47218
68983
59895
76475
94492
29707
67510
15842
54519
53625
3693
14877
70533
67913
96241
48931
99350
34142
63885
98834
26272
81072
85394
20537
29266
6483
99780
1590
99210
91461
3308
36477
59394
30455
27427
24081
56392
57294
38718
75792
69119
91492
19356
22596
3470
88615
29451
67697
74180
11227
31249
99137
78332
44232
77493
95320
61979
93684
34591
71545
10546
11868
31815
37127
78275
83589
24698
14815
38852
92195
34677
27119
88232
62208
23263
10275
77261
78842
27852
52485
78609
43072
25521
46318
98254
12962
12735
58797
50376
36695
84606
53433
97844
79822
35413
47677
50394
50009
36401
9653
19343
29094
47504
40978
86545
32384
16821
94028
91687
96956
83744
48657
84857
56907
18364
89535
46392
54234
64411
66422
17814
44989
12088
38438
85954
20780
80299
72184
84853
30729
36578
60138
92631
66328
19906
86178
56529
55019
59126
76912
30607
75860
37604
37653
6803
40907
51386
93938
82444
65269
82379
3584
33024
25835
73433
55648
3169
84771
90437
72257
52687
31692
11112
47657
6033
75952
12844
68446
91238
11168
24241
80381
71422
32116
46821
60165
88967
66479
3789
93646
13367
27906
35485
47651
87541
73241
15799
45704
23397
95804
40484
14357
79321
4299
32883
84097
4304
59415
18290
33386
28920
49738
63885
29208
49831
7011
87277
66894
57869
68344
80750
93060
42378
73024
58123
51385
73617
95282
81470
58654
84715
35821
2085
39127
51891
79210
12874
25340
55396
19408
3776
50181
37092
14800
86651
87778
6429
41623
65146
98126
97085
82925
99257
88441
5599
89773
86954
58966
57187
26522
86578
12932
16611
34342
73189
91298
59818
73130
39873
1359
35167
9972
9322
30998
12247
20750
72829
70944
73146
46521
10641
5208
63635
11024
13524
70923
54941
89507
301
7746
11688
22331
47594
91017
3887
37022
97283
96478
72416
61936
43746
78459
73810
24516
7236
95993
60478
79301
10929
16143
39628
41682
2805
19269
8607
26509
25078
20780
67733
48724
93141
72959
16736
65891
86993
84981
85450
92984
52172
98001
98142
50383
34939
70267
65203
45930
38078
48123
55753
61088
26156
89540
20232
91523
20726
6928
90645
48454
71373
9816
37097
37064
20315
57666
8853
63275
54454
14416
16633
68727
84428
93727
76320
52144
11106
79294
53485
6623
69856
66062
34958
72393
8820
1370
36778
44591
89507
64620
40129
67119
80544
63228
89653
37658
4774
91161
78223
42154
90352
44967
74493
19253
8994
26011
15162
46003
33480
76784
9565
41247
44140
98504
82837
50430
18202
11269
68082
3752
82829
29198
59966
65157
28733
50715
28799
30123
5102
23262
11518
74828
50
44229
13313
24577
10672
25490
27937
53558
99523
21347
81415
84717
33627
33727
59926
18671
11063
23879
41946
56606
86321
3951
9579
31708
36211
53101
35670
51681
88157
23567
38096
86946
56138
29793
53400
92676
63735
14508
82417
66897
15687
31253
33705
53521
50273
40331
50583
75083
38616
25666
64428
41407
9691
47741
956
46128
79088
25350
26714
22124
72748
44492
17886
50836
77452
98986
43735
40293
18306
50476
24126
35903
71811
62623
60736
53047
78956
65118
43633
96356
57578
43823
80557
54986
45922
25448
2061
86935
37185
29419
5326
188
56687
49208
24435
26268
96059
4228
31631
35910
69212
3279
77081
72379
65405
1126
51857
49037
30440
39552
53358
92601
65116
95190
65423
43047
83870
11291
36116
82838
47424
35074
8881
54723
14020
22763
53502
13375
3200
39545
83944
72382
40461
23824
16268
50071
34749
33270
41210
65598
82844
53604
29898
96255
98573
53131
25382
23234
59092
47274
15078
87577
41796
35398
14038
42054
46842
28730
84426
93812
71443
73005
94415
47676
45560
96284
11512
