12
14
21
29
35
45
52
52
89
89
110
118
149
170
176
203
207
210
218
232
233
246
253
271
272
275
286
287
293
294
294
302
305
307
316
321
341
343
371
374
380
380
382
385
385
398
403
404
448
458
465
470
483
486
488
492
495
509
513
523
540
542
548
558
568
577
582
588
602
608
622
657
688
688
705
726
747
747
755
768
768
775
785
796
798
809
814
822
827
867
876
880
890
891
916
931
933
956
959
961
963
965
975
984
992
998
1000
1011
1013
1019
1020
1028
1038
1049
1063
1068
1102
1114
1155
1157
1166
1167
1175
1197
1206
1226
1241
1243
1251
1254
1255
1267
1268
1308
1309
1312
1313
1325
1345
1350
1363
1363
1380
1397
1397
1402
1403
1405
1410
1415
1436
1448
1454
1468
1479
1487
1499
1523
1537
1555
1556
1566
1585
1590
1620
1636
1644
1658
1662
1662
1672
1686
1688
1711
1716
1722
1727
1734
1749
1758
1777
1785
1787
1816
1822
1827
1843
1862
1870
1880
1886
1895
1896
1906
1918
1918
1926
1931
1937
1946
1957
1958
1988
1988
1993
1996
1999
2003
2010
2010
2011
2016
2035
2060
2081
2086
2101
2114
2118
2179
2191
2203
2208
2210
2216
2233
2241
2266
2266
2267
2267
2271
2287
2287
2293
2297
2298
2310
2316
2320
2332
2349
2380
2389
2394
2402
2405
2409
2409
2412
2418
2435
2435
2447
2454
2457
2464
2468
2494
2500
2502
2502
2524
2526
2558
2561
2569
2570
2575
2576
2583
2592
2595
2595
2625
2631
2632
2642
2645
2652
2658
2660
2675
2677
2681
2685
2691
2692
2696
2696
2717
2729
2733
2748
2751
2756
2831
2835
2844
2845
2853
2864
2868
2925
2962
2972
2978
2979
2981
2985
2992
3002
3005
3012
3017
3047
3068
3074
3079
3097
3110
3110
3115
3126
3130
3141
3148
3149
3149
3159
3171
3201
3206
3212
3219
3225
3226
3228
3229
3233
3248
3255
3256
3268
3269
3277
3292
3303
3322
3335
3347
3349
3354
3357
3383
3398
3412
3421
3426
3433
3440
3448
3450
3471
3474
3477
3498
3514
3517
3546
3563
3569
3578
3593
3597
3606
3612
3648
3676
3677
3685
3704
3711
3725
3733
3733
3734
3737
3739
3747
3749
3766
3774
3779
3792
3796
3819
3830
3843
3844
3848
3853
3856
3883
3900
3917
3922
3950
3964
3969
3969
3976
4022
4022
4024
4031
4051
4058
4062
4065
4076
4089
4092
4100
4104
4105
4114
4157
4170
4186
4189
4191
4200
4201
4203
4206
4207
4211
4212
4219
4220
4226
4227
4249
4268
4278
4281
4293
4297
4300
4344
4349
4370
4370
4388
4399
4404
4405
4407
4408
4445
4449
4466
4491
4499
4507
4508
4516
4519
4521
4522
4539
4552
4555
4555
4567
4575
4589
4603
4605
4614
4621
4623
4635
4636
4649
4653
4702
4708
4711
4751
4758
4763
4795
4801
4843
4855
4858
4889
4895
4902
4907
4915
4938
4977
4988
4991
5004
5010
5013
5016
5033
5039
5058
5102
5107
5110
5120
5136
5142
5143
5144
5149
5149
5167
5169
5171
5185
5187
5206
5218
5223
5225
5230
5234
5237
5261
5269
5277
5280
5286
5297
5304
5306
5307
5309
5310
5317
5318
5328
5337
5357
5366
5369
5379
5385
5390
5397
5399
5400
5404
5421
5425
5440
5451
5456
5466
5479
5480
5489
5497
5513
5526
5533
5536
5546
5547
5557
5560
5572
5588
5611
5619
5628
5631
5634
5641
5650
5712
5729
5739
5767
5770
5785
5786
5791
5791
5800
5817
5817
5852
5852
5858
5873
5888
5892
5896
5905
5909
5915
5917
5936
5940
5944
5950
5952
5973
5977
5986
5988
5996
6002
6014
6023
6030
6037
6041
6048
6049
6060
6087
6095
6099
6104
6121
6125
6136
6141
6178
6180
6191
6214
6223
6226
6231
6254
6258
6282
6297
6301
6304
6310
6311
6322
6348
6353
6354
6355
6365
6367
6380
6415
6422
6430
6466
6482
6487
6487
6492
6497
6501
6502
6510
6516
6517
6528
6540
6541
6549
6565
6566
6576
6590
6595
6597
6615
6617
6619
6619
6621
6631
6645
6647
6661
6671
6672
6677
6678
6682
6683
6686
6712
6723
6728
6739
6746
6749
6775
6786
6794
6795
6800
6802
6810
6825
6836
6836
6837
6854
6878
6891
6910
6910
6919
6929
6938
6952
6954
6956
6962
6972
6974
6974
6983
6996
7003
7012
7041
7050
7056
7067
7091
7125
7138
7140
7148
7149
7151
7157
7161
7168
7175
7176
7178
7189
7191
7198
7203
7222
7236
7238
7266
7289
7302
7307
7315
7327
7367
7367
7369
7376
7388
7399
7407
7412
7416
7454
7458
7462
7469
7470
7473
7540
7551
7563
7566
7570
7574
7579
7588
7598
7603
7604
7606
7614
7633
7639
7645
7679
7680
7683
7683
7698
7699
7702
7704
7728
7751
7756
7760
7765
7789
7795
7798
7808
7813
7816
7824
7836
7839
7852
7852
7868
7876
7883
7895
7901
7934
7935
7937
7940
7945
7953
7953
7957
7973
7979
7995
8012
8028
8033
8040
8061
8066
8084
8090
8098
8100
8103
8105
8130
8138
8141
8151
8171
8189
8192
8195
8203
8209
8254
8266
8273
8308
8330
8334
8338
8355
8360
8361
8364
8366
8368
8378
8408
8416
8418
8426
8448
8454
8455
8470
8471
8479
8481
8485
8503
8516
8531
8536
8547
8553
8553
8562
8562
8573
8581
8584
8594
8594
8616
8624
8628
8647
8656
8667
8670
8677
8692
8699
8700
8717
8728
8729
8753
8760
8786
8797
8808
8821
8830
8842
8846
8846
8855
8859
8866
8867
8883
8924
8936
8948
8950
8950
8959
8959
8961
8967
8982
8988
8992
9021
9028
9030
9031
9032
9035
9046
9063
9075
9098
9099
9137
9137
9142
9166
9167
9168
9170
9215
9226
9259
9271
9301
9303
9308
9312
9312
9329
9330
9340
9340
9349
9381
9394
9420
9426
9443
9454
9458
9466
9468
9483
9491
9504
9516
9527
9540
9546
9549
9580
9588
9589
9590
9600
9605
9611
9616
9638
9652
9660
9665
9665
9680
9690
9737
9737
9740
9741
9748
9772
9777
9778
9783
9800
9810
9821
9826
9831
9831
9855
9856
9857
9859
9862
9863
9894
9911
9924
9927
9940
9954
9964
9970
9980
9995
10013
10017
10026
10043
10043
10047
10062
10067
10074
10075
10078
10087
10093
10094
10103
10103
10104
10106
10118
10126
10141
10141
10143
10146
10148
10155
10164
10194
10196
10201
10214
10220
10233
10253
10259
10268
10280
10294
10298
10303
10316
10317
10321
10332
10356
10369
10369
10370
10384
10387
10393
10396
10402
10441
10452
10454
10454
10466
10469
10474
10493
10496
10521
10521
10525
10527
10533
10552
10567
10607
10622
10638
10641
10641
10650
10659
10684
10686
10694
10695
10707
10708
10727
10748
10760
10764
10770
10786
10788
10805
10807
10812
10813
10821
10825
10826
10836
10866
10879
10891
10914
10916
10922
10947
10949
10967
10974
10977
10996
10998
11003
11004
11034
11040
11045
11066
11095
11111
11120
11125
11131
11134
11165
11180
11209
11219
11235
11260
11260
11261
11265
11271
11283
11300
11310
11317
11324
11333
11352
11370
11380
11384
11425
11434
11445
11447
11451
11458
11459
11488
11493
11525
11542
11547
11552
11556
11561
11571
11581
11584
11589
11592
11602
11616
11621
11623
11629
11651
11658
11670
11678
11694
11697
11702
11715
11721
11722
11725
11730
11737
11757
11761
11768
11773
11778
11797
11804
11818
11832
11834
11834
11849
11867
11876
11885
11885
11889
11917
11925
11928
11933
11938
11971
11972
11976
11979
11983
11990
11991
11994
12006
12025
12026
12028
12048
12056
12064
12067
12072
12073
12076
12076
12080
12082
12087
12113
12137
12143
12151
12151
12160
12176
12180
12190
12201
12210
12227
12239
12246
12260
12266
12267
12284
12289
12302
12308
12309
12309
12311
12312
12326
12340
12358
12369
12374
12391
12394
12397
12402
12415
12417
12422
12433
12441
12458
12478
12478
12488
12490
12492
12508
12515
12518
12521
12523
12538
12565
12605
12614
12626
12657
12670
12672
12677
12695
12715
12722
12754
12791
12794
12794
12816
12818
12819
12824
12842
12858
12863
12878
12880
12882
12888
12902
12907
12912
12938
12951
12958
12972
12973
12986
12992
13003
13008
13018
13019
13043
13044
13046
13057
13095
13098
13099
13108
13111
13113
13144
13166
13184
13186
13200
13211
13220
13230
13233
13246
13260
13262
13266
13276
13280
13281
13289
13308
13332
13348
13365
13372
13374
13381
13385
13408
13433
13474
13477
13494
13496
13498
13500
13514
13516
13525
13529
13541
13551
13554
13566
13586
13594
13624
13632
13649
13677
13685
13690
13697
13700
13708
13714
13715
13726
13727
13729
13742
13748
13756
13765
13773
13779
13815
13815
13823
13834
13853
13854
13855
13857
13873
13876
13914
13928
13942
13946
13947
13961
13967
13975
13978
13981
14002
14002
14013
14014
14021
14024
14029
14030
14030
14035
14035
14044
14065
14072
14077
14086
14093
14096
14102
14124
14125
14132
14135
14137
14145
14147
14165
14179
14193
14199
14217
14223
14225
14249
14253
14276
14280
14284
14292
14299
14315
14327
14348
14353
14364
14380
14380
14389
14411
14427
14446
14448
14449
14450
14452
14453
14463
14470
14482
14485
14499
14516
14538
14552
14556
14563
14579
14591
14597
14622
14631
14632
14634
14634
14641
14644
14649
14663
14668
14673
14685
14693
14699
14701
14719
14719
14739
14741
14743
14744
14745
14755
14772
14786
14799
14811
14818
14827
14833
14843
14845
14848
14865
14879
14883
14893
14894
14897
14905
14909
14912
14942
14942
14942
14975
15012
15017
15022
15024
15030
15040
15042
15070
15070
15080
15084
15088
15100
15107
15122
15125
15146
15151
15158
15170
15173
15184
15197
15198
15199
15214
15240
15241
15257
15261
15274
15277
15285
15290
15290
15318
15321
15326
15329
15336
15338
15356
15368
15378
15419
15442
15444
15445
15449
15465
15468
15478
15481
15486
15492
15495
15516
15525
15555
15570
15581
15582
15584
15589
15605
15610
15619
15637
15639
15659
15660
15664
15665
15683
15685
15685
15690
15694
15695
15696
15705
15717
15736
15767
15777
15779
15809
15814
15830
15835
15841
15855
15865
15874
15877
15880
15891
15892
15899
15907
15926
15934
15974
15991
15996
16009
16020
16024
16024
16036
16042
16053
16060
16069
16073
16083
16083
16084
16088
16091
16099
16104
16110
16112
16119
16146
16165
16168
16172
16179
16209
16212
16236
16236
16240
16271
16288
16299
16309
16348
16360
16385
16388
16400
16406
16408
16417
16432
16446
16461
16479
16495
16504
16516
16520
16557
16563
16563
16584
16592
16593
16593
16597
16598
16601
16604
16613
16613
16615
16617
16622
16642
16665
16669
16685
16688
16695
16697
16699
16703
16724
16728
16737
16746
16746
16752
16766
16777
16788
16791
16791
16798
16801
16815
16815
16816
16858
16878
16892
16899
16900
16910
16916
16938
16968
16968
16973
16973
16973
16979
16990
16990
16995
17027
17029
17043
17084
17111
17116
17133
17147
17149
17158
17161
17164
17170
17185
17200
17204
17205
17235
17242
17244
17264
17275
17281
17281
17290
17294
17295
17298
17304
17307
17309
17312
17317
17326
17332
17332
17337
17343
17343
17349
17352
17362
17378
17381
17382
17396
17423
17423
17425
17431
17461
17466
17466
17483
17492
17513
17544
17552
17552
17552
17575
17595
17648
17653
17655
17660
17707
17714
17722
17742
17747
17752
17757
17790
17806
17809
17815
17833
17839
17839
17845
17848
17868
17879
17880
17888
17894
17903
17920
17953
17956
17989
18009
18015
18026
18029
18036
18046
18050
18058
18080
18084
18088
18090
18106
18140
18152
18154
18156
18163
18167
18170
18173
18181
18183
18197
18206
18234
18237
18263
18264
18274
18279
18290
18293
18307
18338
18345
18376
18400
18407
18412
18419
18419
18421
18442
18460
18478
18487
18497
18510
18524
18525
18527
18543
18551
18553
18567
18568
18568
18596
18607
18613
18659
18660
18670
18672
18673
18692
18695
18740
18752
18752
18754
18754
18760
18766
18773
18789
18795
18804
18817
18829
18882
18892
18906
18920
18928
18938
18943
18951
18963
18989
19007
19020
19056
19064
19070
19084
19095
19095
19110
19129
19150
19152
19168
19177
19189
19198
19206
19207
19213
19222
19259
19263
19270
19275
19312
19312
19317
19331
19331
19332
19338
19354
19357
19397
19409
19416
19436
19471
19502
19522
19525
19541
19563
19582
19589
19604
19625
19629
19655
19656
19666
19673
19675
19675
19709
19728
19733
19750
19753
19759
19761
19768
19772
19777
19787
19792
19802
19807
19817
19819
19823
19834
19850
19865
19867
19879
19885
19890
19891
19892
19899
19924
19944
19952
19954
19981
19993
20009
20017
20027
20035
20036
20039
20058
20060
20075
20102
20104
20143
20177
20182
20185
20187
20190
20193
20194
20195
20204
20227
20229
20237
20251
20257
20260
20273
20280
20291
20307
20334
20361
20365
20371
20375
20388
20390
20401
20440
20442
20447
20449
20460
20477
20478
20497
20497
20507
20511
20515
20549
20549
20556
20588
20596
20608
20609
20617
20629
20641
20655
20662
20662
20685
20728
20729
20737
20739
20744
20761
20762
20769
20783
20790
20794
20804
20825
20864
20874
20883
20889
20905
20907
20909
20910
20917
20923
20928
20987
20989
20991
20999
21011
21018
21029
21033
21039
21042
21046
21050
21050
21052
21057
21057
21065
21066
21072
21096
21102
21106
21108
21118
21125
21133
21151
21158
21165
21168
21170
21174
21175
21180
21180
21185
21187
21194
21203
21223
21228
21243
21254
21264
21271
21276
21277
21290
21296
21323
21326
21346
21348
21355
21355
21392
21405
21405
21410
21413
21414
21415
21426
21448
21459
21467
21467
21484
21486
21510
21513
21515
21516
21536
21536
21554
21586
21600
21601
21623
21636
21641
21643
21644
21648
21661
21661
21664
21666
21676
21689
21692
21694
21702
21717
21717
21729
21731
21734
21738
21763
21764
21783
21787
21794
21807
21810
21835
21839
21840
21848
21850
21852
21853
21863
21866
21878
21880
21882
21907
21911
21921
21947
21957
21962
21985
21987
22005
22005
22007
22012
22015
22015
22017
22017
22030
22031
22034
22034
22036
22040
22059
22065
22074
22081
22087
22100
22110
22114
22115
22122
22160
22170
22180
22194
22195
22229
22237
22250
22271
22273
22286
22287
22292
22296
22305
22307
22321
22340
22350
22351
22355
22356
22362
22371
22423
22424
22432
22436
22460
22460
22471
22473
22479
22490
22503
22508
22523
22526
22528
22533
22534
22542
22553
22571
22572
22581
22582
22599
22603
22621
22623
22632
22634
22635
22641
22653
22680
22683
22706
22735
22759
22764
22777
22782
22788
22796
22801
22811
22814
22815
22816
22827
22839
22842
22877
22879
22881
22889
22910
22925
22927
22948
22971
22978
22980
22982
22982
22988
23044
23045
23069
23070
23071
23072
23129
23132
23134
23136
23165
23166
23182
23188
23188
23192
23192
23197
23198
23199
23218
23220
23228
23234
23265
23270
23281
23294
23295
23328
23333
23334
23337
23337
23343
23346
23347
23350
23358
23360
23365
23369
23370
23373
23411
23413
23418
23423
23426
23431
23440
23441
23449
23450
23451
23457
23473
23475
23483
23492
23521
23573
23589
23613
23625
23634
23648
23669
23680
23687
23697
23697
23715
23756
23756
23763
23769
23773
23790
23793
23797
23856
23859
23863
23865
23900
23907
23912
23920
23929
23937
23975
23979
24007
24019
24031
24032
24037
24047
24067
24069
24134
24142
24144
24150
24153
24188
24200
24204
24204
24205
24212
24223
24233
24235
24240
24249
24267
24267
24289
24299
24304
24317
24343
24369
24375
24383
24390
24393
24397
24400
24406
24412
24456
24462
24464
24465
24493
24494
24508
24522
24525
24526
24558
24562
24582
24589
24591
24599
24604
24604
24606
24623
24624
24630
24630
24637
24659
24681
24687
24697
24706
24726
24731
24737
24740
24771
24782
24793
24812
24814
24825
24825
24849
24854
24855
24860
24883
24884
24890
24890
24894
24909
24926
24929
24980
24984
24985
24999
25000
25002
25012
25039
25042
25053
25069
25069
25095
25105
25117
25133
25138
25158
25162
25175
25190
25192
25197
25199
25225
25229
25273
25279
25295
25304
25326
25344
25349
25353
25358
25365
25376
25383
25383
25386
25402
25419
25444
25447
25454
25468
25477
25483
25498
25499
25503
25509
25526
25531
25547
25566
25567
25573
25580
25582
25600
25603
25610
25630
25641
25644
25647
25660
25661
25682
25688
25691
25705
25715
25717
25722
25731
25738
25742
25755
25768
25773
25780
25788
25788
25789
25791
25795
25810
25834
25848
25858
25858
25865
25901
25902
25905
25924
25975
25979
25982
26021
26029
26036
26041
26089
26091
26126
26134
26151
26153
26165
26182
26186
26194
26199
26218
26233
26234
26245
26257
26261
26264
26271
26290
26293
26313
26321
26345
26346
26370
26370
26374
26390
26392
26416
26431
26432
26446
26451
26453
26455
26464
26468
26479
26483
26488
26489
26510
26514
26518
26521
26523
26533
26565
26582
26598
26613
26623
26625
26656
26662
26664
26686
26693
26703
26710
26722
26723
26729
26731
26739
26749
26765
26774
26793
26795
26797
26818
26834
26835
26839
26851
26853
26879
26883
26885
26905
26925
26928
26946
26957
26977
26977
26978
26984
27002
27005
27015
27023
27035
27041
27043
27050
27060
27068
27076
27091
27097
27110
27127
27129
27145
27156
27162
27192
27193
27198
27209
27227
27235
27236
27237
27239
27249
27273
27275
27307
27309
27312
27315
27324
27341
27341
27356
27386
27390
27397
27414
27420
27447
27456
27478
27479
27486
27497
27508
27542
27553
27562
27572
27595
27598
27609
27645
27658
27680
27688
27720
27741
27747
27770
27824
27840
27845
27857
27866
27870
27873
27876
27897
27901
27902
27913
27925
27935
27952
27958
27987
27989
28003
28058
28061
28082
28092
28094
28103
28111
28120
28129
28145
28146
28167
28170
28174
28187
28215
28217
28219
28230
28233
28234
28238
28249
28252
28258
28261
28266
28266
28275
28292
28305
28323
28330
28344
28360
28361
28364
28370
28373
28385
28402
28402
28418
28421
28426
28427
28439
28441
28451
28452
28475
28485
28489
28525
28526
28545
28554
28567
28577
28578
28589
28597
28610
28617
28632
28639
28641
28651
28659
28660
28675
28679
28686
28686
28702
28707
28712
28761
28771
28778
28794
28796
28798
28800
28813
28841
28853
28857
28867
28884
28895
28906
28908
28910
28916
28920
28926
28929
28938
28941
28949
28963
29002
29006
29027
29029
29035
29039
29052
29055
29064
29064
29076
29076
29083
29087
29101
29105
29117
29136
29152
29158
29161
29192
29228
29229
29232
29236
29264
29274
29294
29297
29323
29332
29347
29355
29380
29381
29397
29427
29437
29439
29451
29461
29462
29465
29466
29468
29473
29476
29481
29538
29545
29551
29553
29556
29559
29582
29619
29621
29635
29645
29671
29676
29696
29702
29716
29730
29731
29748
29757
29758
29763
29767
29772
29775
29778
29798
29799
29800
29808
29835
29841
29842
29849
29862
29868
29870
29873
29874
29878
29880
29891
29893
29900
29913
29931
29937
29937
29942
29945
29950
29951
29954
29960
29963
29966
29976
29977
30009
30030
30040
30051
30058
30064
30079
30082
30095
30096
30109
30111
30130
30133
30154
30156
30172
30188
30208
30210
30218
30219
30229
30243
30245
30251
30269
30282
30283
30320
30327
30330
30337
30356
30365
30370
30419
30422
30430
30440
30464
30474
30481
30498
30503
30504
30505
30518
30526
30531
30536
30544
30558
30565
30583
30614
30620
30635
30644
30651
30652
30652
30653
30677
30682
30707
30713
30726
30750
30755
30757
30757
30778
30785
30794
30795
30795
30813
30826
30827
30833
30833
30838
30839
30842
30873
30882
30887
30895
30929
30937
30937
30953
30956
30963
30965
30966
30979
30981
30985
30994
31003
31013
31015
31023
31029
31045
31056
31064
31072
31084
31106
31115
31124
31131
31139
31140
31151
31160
31162
31167
31170
31179
31181
31190
31198
31205
31206
31212
31221
31224
31226
31264
31285
31288
31293
31296
31311
31312
31316
31332
31356
31386
31403
31404
31408
31409
31410
31431
31461
31471
31482
31482
31492
31496
31501
31522
31523
31530
31534
31538
31558
31562
31567
31568
31569
31592
31601
31603
31631
31633
31637
31641
31644
31651
31658
31673
31677
31680
31698
31714
31728
31733
31735
31755
31755
31760
31780
31790
31794
31795
31827
31870
31883
31894
31900
31910
31911
31915
31925
31965
31968
31972
31988
32000
32020
32022
32031
32031
32033
32039
32041
32059
32061
32079
32083
32088
32100
32127
32129
32154
32163
32165
32172
32186
32187
32203
32205
32229
32268
32269
32270
32283
32287
32307
32313
32316
32327
32348
32349
32350
32350
32368
32376
32378
32379
32380
32383
32384
32398
32437
32446
32477
32487
32488
32493
32495
32504
32529
32530
32542
32543
32547
32571
32577
32624
32647
32663
32672
32677
32694
32716
32721
32732
32734
32750
32753
32788
32815
32829
32842
32848
32859
32863
32866
32883
32885
32893
32900
32908
32921
32924
32944
32947
32952
32966
32976
32980
32995
32997
33023
33029
33047
33049
33075
33091
33117
33119
33123
33132
33144
33165
33184
33194
33199
33207
33241
33245
33248
33250
33260
33280
33285
33294
33295
33301
33303
33308
33324
33329
33331
33350
33358
33366
33367
33374
33374
33380
33391
33392
33393
33405
33414
33415
33418
33426
33441
33474
33494
33506
33516
33544
33546
33562
33568
33570
33576
33582
33586
33595
33601
33628
33637
33656
33664
33668
33673
33681
33682
33692
33713
33746
33749
33770
33776
33787
33791
33800
33803
33819
33822
33842
33870
33873
33875
33884
33909
33914
33927
33934
33951
33952
33961
33976
33987
33998
34012
34017
34030
34039
34042
34053
34063
34068
34075
34075
34088
34095
34108
34131
34133
34139
34156
34165
34177
34189
34195
34222
34225
34233
34240
34257
34280
34295
34302
34306
34307
34308
34321
34326
34327
34329
34329
34330
34333
34405
34430
34434
34452
34454
34478
34492
34516
34537
34543
34549
34550
34550
34555
34565
34571
34581
34586
34603
34606
34624
34639
34641
34647
34656
34662
34669
34677
34683
34706
34715
34747
34754
34755
34767
34800
34801
34801
34817
34835
34840
34857
34858
34878
34884
34889
34902
34902
34911
34932
34948
34949
34968
34972
34983
34990
35002
35017
35017
35026
35049
35051
35061
35087
35093
35095
35102
35110
35111
35123
35126
35138
35162
35176
35201
35240
35245
35257
35278
35280
35284
35297
35310
35345
35353
35377
35382
35387
35396
35414
35419
35422
35425
35430
35442
35453
35453
35456
35467
35479
35495
35499
35501
35507
35518
35520
35528
35536
35550
35564
35565
35570
35581
35601
35607
35611
35620
35641
35656
35658
35661
35667
35706
35716
35722
35726
35741
35758
35759
35765
35776
35786
35790
35812
35823
35831
35835
35842
35842
35869
35871
35877
35882
35884
35915
35922
35926
35934
35937
35944
35952
35963
35967
36001
36014
36032
36047
36061
36080
36083
36097
36103
36155
36163
36174
36185
36198
36209
36235
36243
36256
36264
36264
36266
36274
36278
36289
36295
36322
36328
36336
36350
36350
36352
36357
36363
36373
36378
36385
36389
36396
36427
36433
36433
36434
36435
36436
36441
36453
36454
36462
36477
36490
36498
36500
36502
36519
36531
36539
36543
36564
36581
36587
36603
36613
36629
36635
36641
36651
36680
36697
36697
36710
36711
36715
36729
36739
36785
36786
36790
36797
36804
36829
36832
36842
36876
36892
36908
36937
36938
36952
36954
36957
36958
36969
37008
37010
37016
37018
37028
37029
37110
37111
37117
37118
37125
37129
37143
37151
37161
37162
37170
37182
37192
37205
37210
37213
37219
37226
37227
37230
37234
37256
37258
37263
37267
37279
37312
37332
37337
37337
37347
37348
37356
37368
37386
37396
37417
37431
37442
37446
37450
37457
37477
37481
37492
37497
37514
37518
37518
37523
37552
37580
37589
37597
37612
37613
37645
37663
37667
37671
37677
37677
37685
37686
37688
37703
37709
37721
37738
37744
37749
37755
37761
37785
37786
37797
37826
37832
37848
37852
37863
37866
37879
37879
37883
37904
37910
37919
37925
37935
37944
37945
37946
37952
37958
37975
37980
37997
38010
38024
38040
38041
38046
38049
38058
38059
38060
38074
38075
38081
38085
38094
38095
38106
38129
38135
38151
38170
38185
38187
38232
38247
38251
38253
38259
38299
38308
38314
38331
38348
38359
38365
38394
38420
38422
38436
38444
38445
38454
38458
38476
38481
38522
38522
38527
38541
38557
38557
38569
38573
38608
38626
38642
38642
38644
38651
38662
38666
38673
38675
38685
38700
38713
38723
38746
38751
38754
38761
38762
38768
38777
38802
38812
38828
38831
38832
38837
38843
38849
38857
38862
38863
38864
38870
38874
38877
38895
38895
38909
38909
38911
38928
38952
38967
38972
38985
38989
38997
39002
39014
39022
39026
39039
39045
39072
39086
39087
39097
39106
39120
39124
39130
39135
39138
39153
39163
39166
39170
39179
39196
39200
39225
39235
39251
39252
39272
39275
39284
39291
39293
39305
39320
39330
39369
39382
39382
39393
39401
39409
39426
39433
39436
39447
39448
39451
39452
39459
39461
39470
39486
39489
39512
39547
39558
39565
39571
39573
39574
39576
39578
39589
39602
39607
39631
39631
39637
39657
39670
39682
39694
39699
39716
39732
39734
39740
39743
39743
39748
39759
39767
39789
39819
39819
39831
39851
39864
39881
39890
39891
39895
39900
39915
39930
39939
39958
39976
39981
39983
39995
40004
40008
40028
40033
40041
40044
40073
40075
40079
40098
40111
40115
40121
40122
40126
40143
40160
40162
40173
40198
40213
40227
40233
40238
40251
40263
40275
40292
40294
40301
40314
40317
40332
40334
40351
40361
40379
40386
40403
40415
40421
40422
40429
40430
40436
40453
40476
40478
40478
40487
40492
40496
40526
40542
40558
40563
40572
40572
40574
40598
40598
40602
40611
40614
40620
40622
40625
40634
40673
40700
40713
40715
40719
40729
40737
40738
40740
40748
40769
40770
40779
40785
40795
40798
40799
40814
40817
40819
40820
40823
40855
40865
40866
40869
40877
40890
40895
40895
40896
40898
40899
40911
40912
40948
40954
40962
40965
40974
40980
40988
41024
41026
41027
41028
41028
41032
41046
41055
41058
41059
41064
41078
41090
41100
41101
41102
41107
41119
41123
41138
41142
41150
41152
41156
41159
41177
41191
41195
41228
41253
41253
41266
41282
41285
41299
41315
41323
41346
41350
41379
41385
41386
41397
41405
41414
41422
41424
41434
41437
41441
41448
41453
41455
41471
41477
41479
41487
41497
41499
41499
41501
41526
41556
41559
41570
41622
41627
41636
41649
41652
41656
41656
41684
41693
41695
41727
41753
41757
41757
41765
41778
41786
41803
41814
41817
41820
41829
41837
41841
41869
41870
41872
41877
41883
41897
41905
41911
41914
41936
41940
41949
41977
42005
42010
42014
42035
42042
42045
42050
42055
42074
42074
42076
42083
42088
42088
42115
42118
42129
42135
42147
42166
42176
42183
42189
42190
42204
42209
42218
42225
42225
42229
42257
42275
42292
42296
42301
42308
42324
42332
42344
42346
42352
42362
42368
42370
42375
42393
42401
42406
42410
42419
42431
42439
42440
42514
42540
42540
42550
42558
42567
42582
42587
42601
42601
42604
42614
42629
42633
42641
42660
42662
42665
42666
42669
42687
42689
42692
42710
42713
42714
42717
42740
42743
42749
42750
42771
42773
42778
42781
42782
42803
42806
42809
42847
42847
42857
42859
42890
42899
42906
42911
42928
42949
42963
42965
42972
42979
42981
43004
43023
43029
43041
43042
43057
43069
43080
43084
43088
43099
43104
43115
43117
43122
43127
43138
43151
43157
43165
43166
43172
43205
43225
43269
43270
43274
43289
43291
43295
43296
43310
43313
43323
43327
43329
43335
43340
43364
43379
43385
43387
43394
43406
43448
43457
43466
43467
43469
43473
43473
43473
43482
43483
43526
43540
43546
43555
43580
43585
43592
43600
43616
43626
43633
43633
43642
43654
43655
43679
43686
43689
43705
43712
43728
43728
43741
43745
43748
43778
43780
43802
43848
43858
43860
43868
43873
43882
43886
43890
43900
43924
43937
43954
43965
43972
43973
43978
43994
43996
44010
44019
44036
44041
44044
44074
44081
44092
44093
44095
44095
44105
44121
44131
44134
44139
44162
44176
44194
44197
44209
44210
44217
44219
44219
44224
44237
44248
44258
44261
44283
44284
44294
44297
44304
44307
44320
44332
44334
44413
44427
44447
44449
44450
44463
44478
44481
44493
44494
44498
44505
44520
44530
44539
44549
44569
44572
44581
44583
44586
44595
44599
44608
44634
44644
44650
44664
44677
44691
44696
44707
44707
44708
44717
44739
44750
44762
44769
44772
44781
44787
44789
44802
44822
44838
44858
44868
44868
44877
44881
44882
44905
44919
44928
44939
44942
44945
44957
44965
44985
44990
45017
45020
45021
45042
45048
45049
45069
45077
45082
45090
45096
45114
45115
45120
45158
45232
45232
45233
45248
45270
45287
45294
45310
45326
45329
45332
45334
45334
45346
45353
45355
45392
45418
45436
45451
45455
45463
45499
45499
45503
45519
45522
45535
45547
45555
45558
45566
45584
45586
45594
45598
45600
45623
45650
45651
45654
45674
45696
45697
45702
45706
45707
45729
45734
45748
45750
45752
45782
45784
45788
45799
45804
45808
45821
45831
45870
45870
45879
45884
45891
45902
45933
45950
45955
45964
45971
45971
46009
46020
46021
46035
46037
46039
46045
46050
46098
46100
46114
46116
46118
46126
46159
46159
46163
46163
46175
46176
46202
46217
46221
46231
46234
46235
46244
46251
46266
46270
46278
46280
46284
46303
46315
46327
46362
46384
46384
46386
46395
46397
46401
46408
46449
46461
46464
46468
46477
46479
46491
46520
46522
46522
46533
46535
46548
46549
46558
46573
46581
46612
46633
46639
46639
46658
46666
46668
46672
46675
46683
46684
46692
46701
46703
46708
46711
46752
46775
46784
46785
46787
46787
46799
46825
46841
46853
46865
46875
46881
46887
46889
46903
46903
46920
46930
46947
46964
46993
47005
47027
47035
47044
47048
47085
47086
47125
47129
47130
47139
47180
47181
47214
47223
47232
47246
47255
47261
47264
47272
47273
47278
47279
47318
47337
47341
47344
47365
47368
47370
47386
47396
47398
47409
47424
47440
47464
47473
47474
47475
47476
47480
47481
47485
47487
47495
47507
47511
47521
47525
47525
47525
47537
47569
47572
47577
47591
47592
47593
47598
47604
47615
47619
47621
47624
47626
47650
47652
47677
47682
47684
47692
47694
47697
47698
47705
47712
47720
47724
47728
47732
47735
47737
47746
47752
47755
47766
47775
47778
47782
47803
47806
47812
47827
47841
47845
47888
47896
47899
47901
47910
47912
47916
47925
47940
47947
47957
48002
48012
48023
48027
48040
48066
48092
48092
48105
48113
48121
48127
48157
48165
48171
48195
48207
48210
48212
48227
48254
48255
48274
48275
48315
48331
48335
48338
48369
48375
48400
48403
48413
48416
48430
48431
48440
48441
48460
48484
48492
48501
48527
48529
48544
48548
48595
48598
48614
48614
48621
48625
48651
48672
48694
48715
48716
48723
48733
48756
48757
48783
48789
48793
48794
48806
48838
48866
48866
48874
48877
48885
48893
48900
48909
48909
48918
48923
48926
48932
48978
48983
48984
48999
49000
49001
49003
49018
49018
49020
49024
49034
49052
49052
49053
49056
49058
49058
49064
49106
49117
49123
49128
49174
49191
49194
49195
49202
49202
49207
49230
49235
49245
49249
49279
49280
49301
49310
49321
49347
49351
49411
49473
49487
49491
49502
49508
49523
49523
49525
49564
49597
49598
49614
49616
49636
49637
49645
49668
49673
49675
49675
49698
49702
49711
49717
49742
49746
49750
49764
49768
49789
49796
49797
49810
49816
49818
49818
49820
49833
49834
49847
49855
49866
49881
49883
49898
49917
49934
49935
49950
49950
49955
49955
49964
49988
49996
50010
50062
50064
50082
50082
50087
50088
50093
50095
50099
50107
50122
50126
50132
50137
50145
50158
50168
50173
50180
50183
50198
50201
50213
50219
50221
50224
50226
50229
50237
50245
50246
50253
50263
50268
50275
50282
50283
50285
50300
50311
50320
50329
50337
50341
50361
50391
50395
50395
50402
50404
50427
50432
50434
50436
50474
50474
50475
50479
50482
50491
50502
50523
50524
50524
50528
50542
50562
50568
50578
50597
50628
50628
50630
50638
50642
50646
50673
50677
50680
50681
50685
50697
50698
50718
50723
50726
50733
50738
50743
50747
50771
50780
50783
50788
50791
50795
50799
50801
50811
50815
50819
50825
50842
50853
50898
50920
50923
50928
50929
50930
50969
50980
51001
51005
51026
51027
51032
51052
51057
51059
51077
51080
51087
51117
51127
51131
51136
51143
51144
51156
51180
51200
51208
51239
51243
51251
51254
51255
51258
51265
51269
51271
51282
51295
51299
51308
51313
51321
51325
51332
51350
51364
51365
51369
51373
51403
51409
51421
51458
51463
51467
51473
51478
51482
51491
51514
51531
51534
51538
51538
51560
51568
51576
51579
51587
51593
51596
51635
51638
51639
51646
51663
51674
51674
51676
51677
51718
51731
51733
51733
51762
51773
51776
51783
51789
51803
51815
51828
51864
51864
51865
51870
51892
51893
51935
51938
51943
51943
51956
51959
51964
51972
51992
51992
52009
52012
52014
52027
52081
52086
52087
52090
52093
52133
52158
52183
52190
52203
52205
52205
52212
52212
52222
52230
52231
52232
52286
52290
52310
52320
52332
52335
52342
52348
52356
52357
52358
52359
52397
52400
52402
52402
52405
52406
52407
52409
52429
52431
52446
52455
52456
52465
52470
52471
52474
52486
52491
52496
52524
52533
52545
52551
52564
52565
52566
52580
52581
52597
52598
52603
52624
52650
52662
52669
52670
52680
52683
52708
52728
52728
52730
52742
52746
52781
52812
52829
52835
52841
52842
52848
52871
52871
52883
52900
52907
52915
52917
52928
52951
52965
52987
52988
53009
53025
53034
53037
53081
53107
53108
53129
53130
53136
53137
53140
53140
53167
53195
53195
53197
53211
53213
53214
53224
53226
53228
53240
53240
53276
53309
53315
53323
53329
53340
53344
53352
53356
53363
53366
53380
53390
53404
53420
53447
53463
53468
53478
53479
53484
53522
53528
53531
53537
53548
53557
53561
53562
53562
53585
53631
53643
53652
53669
53705
53732
53742
53747
53751
53752
53768
53781
53781
53785
53804
53841
53845
53857
53861
53871
53880
53881
53911
53919
53920
53927
53932
53933
53948
53975
53979
53994
53994
53996
54008
54010
54011
54011
54012
54024
54033
54056
54075
54078
54092
54097
54098
54108
54117
54143
54147
54148
54149
54152
54173
54186
54226
54247
54260
54311
54313
54332
54344
54367
54368
54373
54375
54388
54395
54397
54398
54460
54462
54474
54477
54489
54497
54517
54526
54527
54533
54534
54543
54545
54546
54554
54562
54564
54591
54597
54602
54613
54615
54617
54642
54645
54649
54652
54662
54676
54676
54676
54677
54678
54684
54703
54704
54714
54723
54744
54763
54771
54784
54786
54792
54838
54845
54862
54869
54870
54879
54887
54900
54937
54939
54939
54946
54954
54979
54981
54983
54999
55001
55004
55011
55017
55024
55032
55035
55041
55043
55070
55074
55077
55087
55087
55089
55130
55133
55141
55147
55163
55168
55177
55188
55198
55198
55202
55214
55215
55221
55229
55234
55236
55282
55296
55324
55325
55326
55331
55339
55349
55361
55379
55397
55417
55424
55426
55440
55446
55452
55475
55487
55496
55499
55506
55511
55521
55532
55547
55551
55556
55568
55572
55587
55591
55607
55616
55619
55627
55634
55635
55677
55679
55680
55688
55701
55713
55715
55719
55737
55753
55778
55786
55795
55801
55809
55817
55826
55830
55830
55833
55837
55844
55846
55854
55867
55884
55901
55901
55907
55910
55912
55914
55922
55925
55939
55955
55970
55999
56007
56024
56026
56051
56052
56052
56052
56062
56077
56106
56107
56111
56129
56138
56140
56154
56171
56173
56173
56180
56194
56199
56202
56203
56210
56219
56232
56250
56252
56263
56280
56303
56312
56315
56325
56326
56328
56358
56370
56373
56378
56391
56419
56419
56436
56453
56458
56459
56469
56476
56481
56497
56546
56553
56557
56564
56567
56571
56572
56581
56589
56593
56607
56627
56631
56641
56647
56648
56668
56671
56676
56682
56711
56719
56743
56746
56755
56770
56771
56799
56813
56814
56831
56858
56863
56864
56865
56869
56870
56877
56877
56882
56902
56923
56935
56935
56941
56945
56953
56967
56976
56983
56987
57005
57009
57017
57022
57040
57051
57063
57077
57080
57088
57094
57096
57102
57105
57127
57137
57155
57156
57159
57173
57174
57191
57212
57213
57239
57239
57242
57269
57295
57296
57307
57308
57317
57340
57343
57346
57357
57363
57363
57363
57390
57390
57415
57426
57436
57454
57455
57462
57465
57471
57480
57482
57499
57504
57512
57536
57536
57537
57552
57556
57596
57606
57610
57611
57616
57616
57638
57646
57649
57660
57671
57680
57689
57690
57700
57709
57722
57725
57731
57731
57736
57759
57767
57774
57799
57801
57806
57815
57823
57828
57842
57873
57921
57950
58009
58013
58015
58029
58036
58036
58051
58062
58070
58089
58115
58153
58155
58194
58196
58197
58204
58222
58239
58249
58252
58263
58268
58284
58292
58308
58327
58334
58342
58352
58359
58404
58405
58415
58420
58421
58426
58428
58439
58460
58467
58468
58504
58513
58534
58536
58543
58563
58569
58579
58599
58609
58612
58640
58651
58651
58660
58677
58685
58697
58716
58719
58733
58751
58761
58766
58774
58785
58786
58788
58791
58800
58808
58812
58815
58826
58843
58843
58843
58851
58861
58872
58906
58918
58963
58985
59000
59003
59011
59015
59018
59032
59064
59106
59108
59119
59130
59136
59138
59139
59140
59173
59174
59211
59220
59227
59229
59233
59272
59306
59349
59378
59395
59401
59424
59434
59436
59437
59451
59463
59471
59473
59480
59494
59495
59554
59559
59561
59572
59581
59584
59600
59635
59639
59660
59693
59703
59712
59719
59722
59730
59738
59743
59761
59769
59770
59780
59785
59786
59789
59810
59810
59812
59815
59825
59825
59832
59832
59833
59836
59849
59856
59877
59881
59881
59885
59904
59911
59942
59942
59945
59949
59976
59982
60035
60056
60063
60083
60094
60105
60105
60108
60113
60146
60151
60153
60173
60180
60185
60196
60199
60201
60211
60221
60236
60253
60264
60267
60274
60283
60283
60303
60304
60346
60351
60357
60365
60401
60405
60413
60414
60422
60438
60440
60465
60484
60485
60486
60494
60520
60529
60531
60532
60537
60557
60558
60565
60570
60572
60572
60578
60580
60638
60668
60677
60686
60689
60695
60698
60701
60712
60725
60734
60746
60760
60764
60771
60789
60800
60824
60830
60839
60841
60851
60857
60861
60871
60876
60886
60892
60895
60927
60938
60958
60960
61009
61011
61033
61037
61049
61053
61059
61062
61063
61071
61103
61106
61111
61118
61118
61147
61167
61180
61180
61204
61209
61244
61248
61255
61262
61275
61283
61294
61295
61308
61311
61329
61342
61344
61351
61358
61367
61402
61406
61413
61416
61418
61424
61424
61426
61427
61428
61444
61458
61509
61514
61515
61536
61541
61544
61583
61603
61609
61610
61615
61616
61620
61623
61631
61645
61696
61700
61700
61702
61728
61737
61738
61781
61783
61785
61811
61814
61823
61829
61829
61834
61851
61858
61859
61859
61869
61873
61880
61885
61900
61908
61916
61937
61943
61951
61954
61960
61977
61984
61988
61990
61995
61997
61998
62024
62028
62036
62062
62065
62095
62108
62114
62116
62136
62139
62142
62154
62157
62159
62164
62172
62181
62198
62198
62227
62229
62231
62232
62238
62298
62323
62330
62340
62368
62377
62383
62384
62400
62401
62405
62410
62412
62425
62426
62453
62453
62458
62469
62472
62482
62486
62500
62501
62509
62526
62526
62530
62532
62551
62555
62561
62566
62576
62578
62593
62603
62607
62644
62654
62685
62688
62692
62698
62711
62718
62734
62776
62789
62792
62797
62799
62818
62827
62875
62888
62892
62897
62909
62914
62916
62918
62918
62925
62954
62961
62973
62990
63008
63013
63015
63023
63027
63029
63030
63064
63126
63142
63154
63155
63164
63171
63212
63225
63228
63258
63259
63270
63286
63288
63297
63301
63301
63302
63304
63315
63367
63367
63373
63378
63378
63382
63385
63387
63395
63400
63411
63423
63451
63459
63469
63487
63497
63517
63518
63540
63544
63550
63551
63554
63559
63571
63573
63579
63595
63601
63610
63612
63626
63641
63648
63656
63656
63672
63680
63729
63742
63746
63754
63760
63773
63781
63789
63796
63802
63816
63826
63833
63835
63853
63854
63863
63864
63872
63880
63904
63914
63919
63933
63944
63967
63968
63997
64000
64013
64044
64046
64056
64060
64064
64078
64092
64096
64099
64108
64125
64127
64132
64141
64145
64149
64150
64165
64172
64187
64197
64209
64224
64229
64238
64249
64250
64263
64264
64267
64270
64276
64277
64281
64305
64313
64313
64327
64327
64348
64348
64370
64371
64376
64395
64406
64412
64445
64446
64448
64453
64460
64464
64473
64476
64490
64493
64510
64515
64519
64524
64524
64527
64531
64538
64547
64549
64551
64554
64572
64577
64593
64594
64595
64603
64621
64632
64632
64661
64669
64701
64706
64710
64719
64746
64748
64764
64775
64782
64809
64842
64847
64848
64855
64862
64870
64872
64877
64878
64897
64900
64923
64931
64934
64937
64966
64975
64978
64986
64988
65006
65006
65008
65011
65016
65016
65020
65026
65037
65054
65064
65072
65089
65104
65117
65118
65118
65126
65138
65160
65160
65171
65177
65192
65199
65200
65213
65220
65232
65237
65244
65254
65262
65268
65271
65299
65334
65344
65344
65365
65368
65369
65371
65381
65382
65391
65427
65427
65427
65429
65438
65443
65457
65457
65458
65469
65480
65490
65499
65500
65503
65520
65532
65543
65552
65585
65585
65588
65599
65603
65607
65627
65630
65633
65644
65656
65659
65670
65682
65684
65688
65695
65724
65725
65731
65744
65746
65754
65759
65765
65768
65771
65781
65785
65795
65803
65826
65826
65829
65832
65842
65864
65864
65867
65873
65876
65902
65906
65906
65910
65913
65920
65932
65933
65950
65959
65960
65987
65987
65994
65997
65999
66003
66012
66013
66020
66025
66036
66047
66050
66055
66066
66069
66072
66072
66078
66081
66081
66124
66139
66149
66152
66161
66161
66168
66169
66178
66180
66188
66191
66192
66195
66201
66216
66218
66245
66246
66248
66268
66278
66286
66290
66309
66347
66352
66372
66381
66381
66416
66464
66472
66494
66494
66501
66531
66543
66545
66549
66553
66571
66571
66576
66585
66591
66597
66598
66598
66631
66634
66637
66666
66698
66721
66739
66747
66747
66747
66747
66755
66768
66780
66807
66816
66816
66817
66819
66821
66826
66827
66837
66838
66843
66849
66853
66858
66860
66870
66891
66906
66908
66923
66935
66954
66960
66966
66977
66985
67003
67019
67024
67025
67052
67075
67081
67081
67086
67088
67093
67095
67102
67108
67114
67116
67117
67122
67129
67137
67140
67144
67165
67177
67180
67184
67187
67203
67204
67206
67215
67223
67223
67233
67250
67262
67276
67287
67304
67308
67308
67310
67320
67330
67333
67338
67340
67340
67360
67365
67396
67404
67409
67409
67411
67455
67460
67464
67475
67483
67493
67496
67497
67530
67532
67542
67557
67600
67613
67618
67621
67633
67642
67655
67667
67667
67670
67670
67687
67694
67712
67724
67767
67784
67801
67804
67827
67840
67848
67858
67859
67868
67869
67892
67893
67909
67929
67931
67942
67943
67953
67956
67989
67999
68006
68018
68044
68051
68052
68065
68071
68106
68120
68128
68129
68148
68152
68160
68188
68200
68231
68243
68247
68251
68253
68255
68273
68274
68278
68308
68310
68310
68313
68334
68336
68379
68381
68400
68402
68407
68417
68446
68450
68458
68464
68468
68478
68478
68483
68493
68514
68519
68519
68522
68530
68530
68532
68538
68546
68556
68561
68563
68569
68580
68580
68600
68606
68623
68630
68638
68639
68643
68645
68645
68658
68662
68667
68671
68671
68700
68701
68705
68722
68729
68750
68751
68759
68760
68786
68794
68798
68808
68828
68833
68841
68850
68856
68856
68863
68870
68874
68877
68898
68902
68923
68925
68930
68939
68961
68978
69008
69019
69028
69029
69057
69065
69066
69072
69085
69104
69142
69153
69153
69168
69172
69173
69193
69205
69208
69215
69219
69229
69237
69241
69272
69272
69295
69311
69316
69330
69331
69352
69354
69361
69374
69395
69399
69401
69408
69408
69428
69429
69437
69441
69441
69443
69495
69507
69512
69512
69524
69530
69537
69539
69543
69551
69551
69565
69577
69590
69598
69606
69608
69613
69631
69640
69650
69658
69674
69689
69709
69711
69730
69761
69765
69771
69781
69786
69791
69796
69799
69811
69814
69822
69823
69833
69834
69850
69856
69856
69861
69879
69882
69882
69885
69907
69908
69909
69914
69915
69957
69957
69964
70022
70033
70060
70064
70066
70071
70077
70081
70091
70096
70096
70106
70109
70110
70135
70136
70143
70149
70160
70169
70181
70185
70190
70190
70194
70196
70201
70225
70229
70241
70250
70262
70275
70280
70309
70319
70337
70340
70381
70392
70401
70424
70424
70438
70439
70440
70477
70482
70509
70521
70533
70538
70547
70549
70561
70564
70578
70602
70633
70640
70647
70651
70653
70672
70673
70675
70676
70686
70686
70688
70689
70690
70694
70699
70700
70720
70731
70735
70746
70747
70763
70764
70778
70780
70783
70784
70788
70812
70822
70849
70891
70891
70897
70903
70910
70911
70939
70960
70967
70971
70976
70981
70981
71010
71019
71034
71046
71056
71058
71060
71081
71093
71105
71110
71124
71125
71127
71133
71138
71139
71146
71146
71147
71159
71162
71169
71174
71182
71199
71210
71214
71218
71248
71248
71249
71255
71263
71263
71263
71292
71326
71334
71337
71351
71373
71404
71413
71423
71426
71447
71507
71513
71529
71536
71545
71565
71570
71599
71599
71602
71602
71604
71616
71623
71638
71647
71667
71671
71694
71701
71701
71717
71724
71726
71729
71758
71760
71763
71774
71781
71794
71825
71838
71839
71842
71851
71859
71897
71904
71912
71915
71937
71938
71943
71948
71996
72006
72015
72029
72030
72042
72057
72087
72088
72123
72138
72143
72154
72157
72172
72174
72186
72198
72199
72202
72213
72224
72232
72233
72258
72273
72286
72298
72331
72332
72342
72346
72346
72357
72357
72363
72364
72377
72391
72397
72407
72407
72413
72420
72447
72458
72465
72466
72480
72508
72509
72543
72546
72547
72547
72553
72561
72564
72577
72588
72592
72628
72629
72663
72671
72678
72697
72712
72713
72716
72718
72726
72729
72742
72743
72749
72750
72754
72769
72800
72822
72824
72847
72854
72916
72921
72924
72961
72982
73018
73023
73032
73035
73039
73054
73066
73066
73071
73084
73112
73127
73139
73141
73144
73184
73188
73191
73204
73216
73216
73216
73226
73230
73235
73260
73260
73269
73291
73295
73299
73301
73305
73320
73320
73325
73327
73332
73333
73337
73374
73381
73396
73404
73430
73430
73442
73442
73447
73452
73452
73479
73482
73493
73532
73561
73564
73582
73605
73607
73609
73618
73618
73643
73661
73670
73680
73682
73703
73704
73707
73738
73782
73788
73789
73802
73811
73840
73840
73841
73846
73865
73868
73869
73872
73874
73877
73912
73935
73959
73994
73996
73999
74010
74017
74022
74035
74037
74041
74083
74098
74110
74121
74127
74136
74141
74147
74163
74169
74172
74190
74192
74192
74197
74231
74243
74247
74261
74276
74279
74309
74321
74346
74357
74360
74370
74400
74438
74438
74444
74462
74474
74487
74489
74526
74529
74537
74543
74550
74571
74573
74601
74614
74618
74629
74637
74643
74644
74646
74658
74662
74664
74667
74680
74700
74723
74742
74747
74748
74750
74756
74784
74794
74798
74799
74803
74809
74813
74823
74823
74825
74830
74831
74833
74837
74845
74851
74863
74880
74895
74900
74902
74950
74960
74978
74991
74993
74994
75012
75013
75013
75016
75017
75027
75029
75036
75045
75053
75087
75091
75093
75098
75098
75104
75118
75123
75133
75154
75157
75158
75179
75181
75190
75193
75197
75211
75218
75219
75227
75228
75242
75252
75257
75270
75274
75275
75282
75283
75302
75310
75324
75341
75346
75348
75352
75361
75361
75366
75369
75384
75391
75397
75398
75402
75407
75410
75423
75450
75458
75464
75475
75477
75477
75478
75484
75491
75507
75515
75521
75532
75542
75552
75558
75559
75559
75560
75567
75576
75604
75611
75620
75690
75698
75712
75739
75743
75755
75758
75774
75775
75777
75812
75836
75848
75857
75858
75880
75908
75916
75926
75934
75957
75962
76004
76011
76012
76022
76045
76056
76074
76091
76097
76105
76107
76111
76115
76116
76140
76148
76155
76164
76180
76181
76187
76191
76194
76194
76202
76209
76211
76219
76263
76269
76275
76297
76298
76334
76352
76362
76374
76376
76380
76391
76394
76402
76403
76405
76420
76445
76453
76458
76459
76473
76475
76480
76482
76518
76547
76549
76550
76579
76582
76582
76592
76619
76634
76648
76651
76666
76673
76679
76680
76748
76753
76754
76757
76794
76797
76802
76820
76821
76823
76823
76824
76837
76860
76863
76887
76916
76935
76964
76969
76976
76989
77010
77014
77016
77042
77045
77050
77072
77073
77075
77097
77101
77103
77107
77124
77139
77146
77163
77164
77203
77208
77209
77217
77219
77224
77233
77238
77249
77251
77282
77286
77287
77301
77304
77309
77314
77334
77338
77345
77407
77416
77423
77424
77430
77436
77436
77437
77449
77456
77458
77460
77481
77490
77491
77492
77493
77496
77498
77506
77508
77526
77529
77534
77550
77551
77552
77557
77574
77586
77599
77606
77609
77611
77636
77640
77642
77664
77671
77680
77689
77693
77721
77734
77752
77755
77769
77812
77821
77826
77834
77834
77851
77853
77860
77865
77869
77876
77880
77899
77900
77917
77930
77931
77943
77950
77956
77967
77976
77978
77992
77997
78006
78007
78013
78017
78029
78035
78039
78040
78040
78041
78054
78054
78068
78069
78077
78081
78082
78094
78104
78126
78135
78137
78140
78147
78150
78174
78178
78180
78190
78211
78222
78223
78230
78242
78243
78273
78286
78288
78288
78293
78301
78318
78328
78329
78353
78353
78375
78375
78386
78393
78403
78406
78415
78420
78421
78421
78445
78445
78448
78465
78465
78468
78479
78492
78493
78501
78510
78510
78526
78536
78543
78547
78555
78567
78573
78605
78609
78632
78638
78647
78663
78686
78700
78702
78717
78718
78719
78721
78722
78726
78729
78740
78752
78768
78785
78789
78795
78799
78808
78818
78826
78830
78833
78834
78844
78854
78857
78861
78876
78879
78882
78889
78898
78903
78914
78917
78922
78935
78939
78947
78953
78958
78961
78974
78975
78978
79003
79026
79038
79039
79048
79074
79074
79078
79086
79088
79093
79106
79110
79117
79121
79122
79124
79130
79131
79136
79139
79148
79165
79196
79196
79212
79213
79242
79259
79260
79289
79297
79314
79320
79347
79354
79367
79368
79379
79390
79392
79394
79400
79403
79418
79426
79426
79428
79444
79454
79471
79473
79495
79496
79501
79503
79504
79508
79513
79519
79520
79536
79545
79557
79586
79588
79593
79614
79617
79618
79625
79626
79633
79636
79650
79659
79665
79666
79667
79691
79692
79709
79720
79725
79733
79739
79749
79749
79758
79760
79763
79767
79771
79774
79775
79797
79803
79816
79838
79839
79840
79850
79852
79862
79871
79886
79892
79901
79928
79929
79930
79931
79945
79949
79954
79956
79957
79964
79964
79978
79983
80007
80007
80007
80040
80045
80056
80063
80076
80080
80082
80083
80086
80091
80102
80110
80120
80128
80132
80133
80138
80146
80149
80154
80160
80164
80180
80195
80196
80226
80236
80241
80270
80281
80283
80283
80298
80300
80324
80325
80331
80333
80344
80353
80378
80379
80389
80392
80399
80408
80409
80421
80422
80427
80427
80440
80443
80476
80482
80484
80485
80491
80505
80526
80535
80545
80549
80563
80565
80566
80566
80567
80583
80584
80600
80601
80610
80616
80640
80643
80643
80654
80662
80663
80668
80713
80726
80732
80738
80741
80746
80746
80763
80764
80792
80801
80806
80821
80830
80871
80882
80889
80900
80901
80938
80943
80962
80974
80977
80994
81019
81047
81051
81060
81066
81067
81067
81069
81073
81080
81094
81101
81130
81133
81139
81150
81153
81166
81178
81181
81181
81185
81197
81206
81208
81209
81211
81213
81222
81244
81248
81276
81276
81297
81301
81317
81325
81343
81384
81419
81427
81433
81437
81451
81461
81480
81485
81492
81492
81500
81515
81528
81532
81539
81540
81548
81559
81563
81570
81575
81590
81594
81599
81607
81629
81629
81638
81648
81655
81662
81664
81678
81681
81697
81697
81717
81741
81754
81755
81756
81785
81789
81791
81793
81817
81817
81829
81833
81835
81849
81853
81866
81877
81877
81894
81902
81906
81907
81922
81926
81938
81947
81957
81963
81965
81972
81980
81985
81990
81995
81997
81997
81998
82002
82005
82005
82007
82010
82010
82017
82022
82038
82048
82050
82056
82081
82086
82119
82119
82122
82129
82131
82134
82151
82154
82156
82163
82165
82173
82178
82185
82201
82208
82218
82235
82247
82250
82251
82257
82264
82266
82269
82292
82297
82320
82328
82337
82338
82341
82345
82360
82367
82384
82385
82395
82410
82412
82416
82441
82442
82448
82473
82488
82507
82525
82531
82543
82545
82561
82561
82575
82586
82630
82631
82655
82695
82700
82722
82723
82727
82731
82739
82743
82759
82776
82780
82784
82795
82810
82830
82842
82844
82862
82865
82867
82867
82878
82880
82884
82884
82895
82902
82918
82927
82944
82946
82961
83005
83005
83012
83015
83020
83029
83035
83038
83040
83041
83042
83072
83078
83091
83092
83099
83101
83102
83116
83119
83120
83126
83128
83135
83150
83150
83172
83185
83186
83224
83233
83244
83244
83250
83255
83258
83267
83275
83278
83290
83293
83294
83303
83304
83322
83391
83423
83503
83511
83540
83541
83548
83551
83557
83589
83598
83603
83604
83638
83639
83671
83685
83697
83723
83724
83732
83744
83758
83762
83776
83782
83789
83793
83799
83807
83823
83833
83844
83851
83878
83890
83895
83896
83917
83919
83929
83931
83933
83937
83941
83946
83953
83960
83960
83965
83965
83983
83990
83997
84010
84031
84046
84047
84052
84072
84098
84111
84112
84127
84133
84144
84174
84174
84181
84190
84210
84211
84221
84223
84227
84228
84244
84246
84251
84255
84258
84264
84280
84290
84301
84309
84318
84325
84351
84364
84364
84373
84384
84391
84418
84436
84450
84460
84463
84483
84490
84493
84497
84506
84512
84522
84533
84547
84551
84578
84578
84587
84593
84641
84643
84658
84658
84687
84693
84696
84699
84707
84717
84720
84721
84737
84741
84747
84747
84791
84794
84794
84813
84827
84860
84875
84897
84915
84938
84948
84951
84970
84971
84971
84974
84977
84981
84983
85046
85050
85053
85054
85069
85109
85116
85119
85128
85130
85154
85180
85201
85206
85251
85254
85259
85264
85267
85294
85304
85306
85327
85329
85338
85343
85355
85372
85373
85404
85410
85417
85420
85441
85441
85471
85476
85485
85499
85508
85513
85520
85528
85538
85549
85575
85599
85605
85623
85630
85646
85657
85660
85667
85683
85684
85703
85704
85715
85718
85738
85771
85771
85781
85798
85803
85817
85834
85837
85837
85838
85875
85880
85892
85908
85925
85931
85931
85934
85938
85951
85956
86000
86014
86025
86040
86044
86072
86095
86099
86115
86124
86126
86133
86140
86142
86150
86154
86172
86173
86174
86183
86186
86198
86199
86207
86215
86219
86233
86268
86271
86287
86299
86299
86322
86322
86341
86345
86355
86358
86369
86383
86383
86392
86419
86435
86439
86439
86444
86447
86448
86472
86473
86480
86487
86512
86538
86543
86555
86558
86562
86582
86591
86598
86598
86598
86602
86609
86612
86630
86634
86649
86650
86672
86673
86712
86716
86738
86742
86753
86761
86772
86782
86803
86813
86822
86836
86839
86845
86866
86869
86890
86907
86947
86947
86951
86965
86978
86991
86991
86996
87000
87002
87008
87009
87049
87057
87060
87073
87095
87102
87106
87127
87132
87133
87150
87155
87159
87162
87162
87166
87167
87170
87175
87176
87183
87191
87203
87210
87230
87241
87256
87261
87266
87268
87279
87282
87296
87316
87364
87366
87372
87407
87412
87453
87465
87467
87471
87483
87486
87502
87502
87510
87514
87535
87538
87543
87559
87572
87575
87579
87580
87584
87586
87598
87601
87605
87640
87651
87652
87666
87675
87696
87697
87708
87712
87735
87744
87747
87748
87749
87781
87796
87798
87815
87827
87839
87840
87867
87867
87883
87890
87906
87907
87914
87938
87966
87971
87985
87997
88001
88001
88005
88019
88040
88047
88055
88084
88100
88112
88128
88154
88158
88166
88178
88210
88212
88224
88225
88237
88250
88265
88266
88266
88279
88280
88282
88290
88298
88301
88316
88339
88346
88352
88356
88361
88388
88393
88416
88424
88425
88456
88456
88464
88480
88489
88496
88498
88506
88512
88520
88520
88520
88530
88530
88535
88536
88543
88553
88561
88576
88585
88589
88590
88591
88625
88636
88650
88664
88716
88718
88721
88723
88749
88776
88782
88786
88799
88835
88839
88839
88839
88843
88844
88850
88871
88879
88888
88912
88915
88917
88937
88943
88947
88954
88976
88982
88999
89001
89005
89008
89014
89032
89039
89039
89045
89047
89092
89096
89125
89129
89130
89132
89144
89176
89178
89180
89180
89185
89200
89205
89211
89212
89221
89236
89277
89278
89297
89299
89305
89312
89312
89315
89326
89331
89338
89356
89362
89369
89386
89392
89401
89404
89412
89421
89449
89449
89451
89452
89454
89468
89476
89491
89496
89505
89511
89529
89548
89554
89576
89578
89586
89596
89598
89622
89638
89646
89662
89666
89667
89682
89688
89689
89697
89701
89706
89726
89728
89758
89760
89769
89774
89776
89789
89789
89792
89796
89798
89817
89829
89845
89879
89900
89913
89932
89960
89961
89996
90004
90006
90009
90022
90027
90047
90048
90062
90064
90066
90066
90094
90098
90104
90106
90110
90129
90134
90150
90157
90165
90222
90240
90241
90242
90259
90264
90275
90289
90302
90312
90315
90330
90336
90350
90353
90354
90363
90376
90387
90411
90430
90441
90445
90449
90458
90458
90464
90466
90482
90484
90492
90498
90557
90563
90578
90607
90610
90628
90629
90645
90657
90671
90679
90689
90716
90759
90760
90767
90769
90776
90778
90783
90796
90820
90835
90845
90854
90866
90889
90891
90937
90965
90967
90986
90998
91008
91009
91042
91047
91048
91055
91068
91070
91073
91073
91076
91076
91090
91095
91117
91129
91132
91140
91181
91185
91191
91198
91219
91224
91227
91245
91245
91260
91263
91268
91292
91310
91315
91325
91327
91339
91342
91350
91380
91389
91398
91405
91408
91422
91427
91459
91460
91461
91472
91474
91494
91500
91508
91509
91534
91555
91568
91569
91612
91626
91626
91626
91629
91632
91640
91716
91725
91729
91750
91751
91795
91804
91818
91844
91873
91875
91879
91879
91887
91903
91913
91919
91926
91927
91929
91932
91941
91968
91969
91978
92008
92020
92021
92023
92048
92052
92075
92114
92116
92130
92133
92154
92175
92202
92207
92215
92235
92236
92246
92249
92250
92252
92257
92278
92285
92298
92304
92321
92325
92338
92342
92345
92345
92348
92362
92369
92372
92372
92402
92431
92437
92437
92445
92457
92463
92465
92470
92470
92481
92506
92506
92507
92510
92520
92540
92547
92569
92579
92591
92596
92612
92616
92633
92639
92640
92655
92664
92671
92673
92675
92678
92721
92731
92732
92735
92789
92798
92805
92807
92807
92836
92841
92842
92859
92859
92867
92868
92878
92886
92892
92892
92906
92914
92924
92938
92951
92957
92971
92971
92979
92986
92988
93000
93014
93016
93016
93019
93020
93031
93046
93055
93060
93073
93086
93093
93134
93147
93154
93169
93172
93173
93175
93186
93199
93203
93203
93207
93214
93239
93245
93247
93261
93270
93273
93303
93304
93311
93312
93318
93322
93326
93331
93331
93333
93339
93340
93348
93359
93371
93399
93406
93444
93444
93445
93452
93455
93460
93479
93494
93519
93521
93534
93536
93546
93558
93567
93572
93573
93578
93584
93629
93642
93645
93656
93669
93673
93684
93685
93686
93705
93705
93708
93710
93711
93715
93716
93733
93748
93755
93758
93758
93760
93763
93765
93767
93789
93817
93826
93835
93836
93836
93839
93856
93897
93953
93967
93974
94014
94016
94017
94027
94033
94048
94057
94061
94064
94077
94083
94088
94101
94104
94109
94110
94122
94127
94144
94152
94154
94174
94176
94176
94178
94183
94184
94186
94196
94214
94239
94242
94260
94273
94322
94324
94336
94343
94348
94351
94351
94353
94402
94403
94421
94471
94472
94484
94502
94512
94513
94516
94528
94535
94536
94548
94549
94558
94564
94596
94613
94617
94643
94648
94650
94652
94660
94671
94697
94708
94722
94722
94730
94737
94753
94757
94770
94786
94794
94795
94849
94865
94865
94872
94872
94883
94902
94912
94918
94927
94932
94942
94945
94962
94984
94986
94991
94996
94996
95015
95026
95036
95039
95052
95060
95068
95075
95078
95081
95094
95095
95100
95113
95124
95141
95146
95151
95162
95168
95172
95175
95198
95201
95203
95221
95246
95251
95288
95291
95296
95305
95311
95335
95339
95344
95349
95365
95367
95415
95423
95424
95429
95457
95464
95471
95476
95476
95484
95489
95491
95527
95531
95537
95540
95542
95551
95561
95563
95602
95617
95638
95653
95654
95657
95660
95672
95683
95700
95708
95713
95740
95756
95761
95774
95794
95803
95825
95834
95839
95847
95855
95868
95879
95899
95902
95903
95909
95919
95950
95963
95966
95986
95991
96010
96016
96036
96037
96053
96070
96070
96074
96102
96121
96126
96176
96181
96182
96184
96214
96226
96249
96266
96272
96282
96284
96286
96287
96297
96304
96304
96318
96327
96328
96335
96339
96348
96355
96368
96380
96384
96396
96405
96428
96455
96456
96462
96483
96484
96513
96528
96534
96537
96541
96558
96575
96587
96615
96630
96631
96639
96663
96676
96680
96694
96711
96738
96739
96740
96748
96758
96771
96780
96793
96817
96818
96825
96830
96838
96851
96852
96853
96862
96863
96866
96889
96908
96913
96931
96931
96936
96947
96987
96989
97016
97028
97031
97059
97060
97073
97076
97080
97090
97099
97140
97153
97165
97169
97175
97196
97200
97204
97236
97237
97237
97244
97245
97253
97259
97262
97262
97330
97332
97342
97354
97369
97386
97391
97395
97403
97410
97418
97430
97444
97448
97497
97508
97514
97520
97537
97549
97558
97568
97576
97626
97644
97645
97662
97672
97679
97682
97702
97706
97713
97764
97771
97791
97822
97828
97838
97851
97858
97866
97888
97896
97906
97914
97916
97931
97932
97935
97941
97967
97972
97975
97978
98020
98025
98033
98033
98038
98067
98082
98094
98111
98121
98124
98129
98145
98151
98164
98192
98197
98200
98211
98213
98219
98222
98222
98231
98256
98257
98260
98261
98268
98271
98307
98316
98341
98344
98346
98361
98371
98398
98443
98445
98452
98455
98455
98459
98464
98471
98483
98484
98485
98500
98504
98510
98526
98565
98565
98572
98599
98616
98633
98645
98669
98669
98675
98690
98697
98706
98746
98761
98777
98788
98795
98796
98801
98804
98822
98826
98840
98857
98865
98868
98868
98872
98874
98876
98894
98903
98915
98926
98937
98950
98954
99018
99040
99043
99056
99075
99079
99086
99086
99091
99094
99114
99114
99131
99143
99153
99153
99157
99159
99163
99164
99164
99168
99170
99174
99194
99219
99224
99242
99251
99269
99289
99309
99317
99324
99329
99330
99334
99360
99388
99391
99394
99397
99417
99419
99448
99466
99497
99504
99520
99525
99559
99561
99563
99591
99596
99601
99601
99602
99612
99622
99627
99627
99640
99642
99646
99674
99675
99698
99703
99705
99724
99735
99736
99746
99747
99748
99753
99754
99760
99760
99766
99782
99828
99828
99833
99840
99841
99848
99852
99858
99864
99867
99868
99908
99913
99926
99933
99948
99980
99986
99989
99997
