93199
79086
11876
51127
11979
88352
67999
15318
55487
57512
94558
55884
82156
67304
58284
76155
86890
25326
56052
72822
7388
7852
90967
78054
89932
51893
73452
71182
37219
44505
8628
99858
33184
65192
1672
50628
27091
36433
64669
63595
64249
81532
53107
5892
41757
3256
49347
88915
54332
7868
52728
31794
42118
35102
87867
4157
52474
66853
99841
95708
39120
37332
95761
31311
44608
81965
77072
96758
35706
47604
62797
52090
68247
79074
56326
60771
88723
50923
49810
15639
33123
17304
42714
94144
5033
64572
12048
92402
76648
25603
25358
29842
39284
17307
56419
28679
2457
39393
21175
54260
8028
59140
17752
6919
19750
14353
16900
52232
27989
17492
32446
33819
93708
44036
92596
50815
66494
84251
92236
88776
83960
20515
96663
44583
85471
58751
22122
86869
38095
34835
14942
80565
25454
29913
77664
55496
45784
91534
85251
42614
99908
40478
59849
14745
622
43270
87183
61785
45696
25053
83929
80324
22017
68645
40292
90134
43655
99913
46408
33576
42540
33029
99163
63746
25483
95540
23426
63656
17294
65950
51646
86673
82048
88591
29035
21911
64519
76209
14693
69401
19020
16417
14942
72729
70096
74041
65490
24494
24558
28475
32398
44691
18442
32348
30558
98801
57801
1410
10370
37110
688
42641
16746
67633
92671
89726
34911
7973
98874
22683
486
31139
45964
26165
94996
16099
34754
1068
2241
35722
10062
39163
8950
10788
35499
21644
74487
58268
47812
38059
80643
41434
11219
77834
50226
86672
87467
39930
81638
17326
16613
13113
64108
44332
58766
18279
39819
85306
3677
42074
20260
75016
29323
34755
41090
46118
40033
37667
49502
38394
41046
53479
10126
5451
82416
60851
87268
92008
69361
33350
18376
22948
82902
28418
4507
95537
90759
2454
54677
11702
62532
25691
13649
53752
47746
85938
97059
95756
86444
97410
29347
6060
61111
85880
84971
17757
9458
82385
69861
57610
31522
94260
9862
96537
63544
34329
44307
33884
54546
66891
87162
30583
19007
96348
34156
44297
48984
44838
23182
50698
14538
89032
78647
52342
17147
1175
20060
8455
40028
72006
64877
57269
86634
3225
65543
55680
29716
6565
32859
50082
37368
81069
79871
34767
62914
71447
92506
6938
90062
73269
13043
5230
62377
55229
83304
73682
11976
43973
94795
69551
74750
79213
19867
77139
75157
7816
81073
33914
61631
3471
45233
6095
73618
61783
70181
38359
9215
6178
49818
71174
38075
47735
35564
57616
19471
98398
30133
89879
64855
10141
39275
82759
98565
6136
25069
96989
58861
81957
27645
73447
52332
74644
6962
86341
67613
18752
2985
49351
68120
59976
4801
60572
6671
39448
36435
89185
20991
33392
88947
68152
19522
28145
12478
5149
60572
41405
32379
63760
37227
28370
246
59584
87230
12677
82575
40988
89792
8573
31013
71214
59810
25365
77534
548
17544
2003
42899
47279
83946
84047
41570
98033
71139
49614
40980
20390
63802
22623
41437
65427
87483
6825
22927
65902
44787
99497
77430
91569
80662
6974
25688
69205
53197
7603
81985
42558
37348
11134
29873
4349
9099
13276
59451
57426
43387
15042
48403
31212
37356
70976
12340
54097
41150
87009
38106
98937
76394
73305
94730
23457
73789
84127
22065
82655
19409
90937
40122
68794
8846
89697
65016
70673
98840
53747
77493
74618
77042
7369
30269
75458
45555
49508
65365
69834
48092
53340
57465
22533
80491
87867
15880
30929
46787
28857
27390
73018
26765
19095
62482
80392
48544
99525
85304
72553
40614
62593
32187
65200
35520
86383
91076
17164
31461
75576
98200
67667
24375
398
80726
19177
93333
69029
71034
50980
90986
79749
70981
64327
77611
3412
64527
12151
50391
39864
93705
33391
71124
380
2751
14096
10567
59473
36278
41026
42005
52310
26723
92372
61997
85838
30095
50628
93673
25791
42773
3969
11447
82247
89236
52212
79614
61737
68310
83029
91795
37975
29841
78975
76022
57767
37958
44095
41897
64376
28895
80300
57363
45436
38895
29117
58985
34189
933
48529
91626
91750
56755
5385
53195
75475
56202
46853
40386
79471
5917
64719
74614
18920
78818
20143
82865
20737
59911
65746
40899
24854
1946
94048
90776
32829
50229
71404
31911
50010
86965
72916
8479
47841
54954
28215
5421
67942
50099
34683
21853
74438
97354
14380
5277
28910
10914
40769
41299
26194
98483
80600
27127
68645
82154
22371
56140
89305
272
64988
72224
58569
76757
8368
23907
85528
99269
56945
12882
97906
28187
14893
48932
43860
82395
34302
25768
59780
95365
78445
43323
92463
7579
92457
2203
55032
64524
58851
13098
73066
25773
86612
26686
95291
77551
7935
36531
43626
90657
92362
76673
31226
52406
71081
77314
28094
55521
18274
39138
89529
76482
31115
67670
77286
82545
55163
57689
61700
7795
11265
71851
66081
42410
89511
38837
77345
21839
34225
51057
95794
22801
9098
28929
28361
47901
77075
78211
47005
1019
99219
15841
39983
98341
35456
88224
1254
5297
12912
75017
70169
68850
1206
11804
26729
25982
50474
4575
1662
50183
65268
97497
12951
75027
83638
34478
89996
41350
35620
88047
10047
29451
74147
53009
64013
50638
70549
60960
42115
2681
64524
66352
81570
66849
59561
95335
71056
19129
75197
13914
14030
5785
79886
39014
3148
56571
36047
39831
48838
93856
26346
30320
53994
74098
11458
96947
55011
60274
14280
69791
79850
99828
22735
27935
37417
62238
93339
43473
71093
52230
11994
86233
11542
65299
26234
90645
55901
87938
73327
3498
73301
35869
55867
41024
13779
8192
25229
74813
35741
80344
67848
17722
84578
54368
3002
25279
44197
24894
50337
21810
1785
35017
20227
67177
47957
93836
80180
79633
65906
70788
68623
64149
52624
17880
12312
79929
23451
89796
20923
75310
50095
18419
44044
89039
26731
81206
81980
29870
91968
50920
78510
68580
72172
42604
97662
74529
93173
82338
81972
61834
14622
55833
81451
83896
12492
56923
14879
67396
13726
36587
19733
38864
57390
54869
42183
67360
71996
56858
20280
67670
76012
316
84052
87696
70521
75712
34662
1870
65933
3005
94324
13624
55041
61367
59738
82251
2729
38642
41684
13823
59173
69689
52358
31658
7307
93789
30154
31403
21807
82119
24985
80086
16309
5143
15012
82410
97549
17204
67464
85294
24731
65220
79650
79520
58036
14631
20039
9166
37117
88456
30652
20910
31179
57828
52566
42809
24400
8084
75739
64000
32378
47888
68464
50528
34075
18553
785
68898
74809
51421
32947
46825
85931
88316
59810
23337
90336
3969
60537
10967
55556
66531
495
52409
99164
98526
92721
24630
48335
50969
22982
45623
51350
52597
56232
39890
17648
78180
14719
14292
93967
3819
46865
71570
78094
81590
66923
72332
9271
71255
60701
56831
79165
6800
83851
38454
23680
88178
59233
47485
22503
33414
32022
55198
20999
74110
81664
12858
72346
82005
23920
42806
72447
68705
17264
77423
22286
16892
70241
30838
39045
17149
705
43924
50311
48023
48651
66954
74637
89
63367
14380
83005
29758
37129
69153
32229
79426
37744
87712
42393
84641
94027
42370
90783
17903
27688
77209
72057
80584
59639
18058
50723
16209
49279
1448
33961
51052
87535
86716
97764
75053
36892
77689
6226
26488
10441
34948
70424
96355
62400
80654
13514
74646
60185
41064
78785
47223
10148
74370
4938
20549
1011
37337
85338
14029
23370
380
94184
8033
91245
57690
1880
33260
67667
15481
70439
74831
57499
77449
47337
15685
57340
47521
2981
89401
1313
6974
6002
69429
84547
43327
40098
46683
30873
38074
99388
32997
87364
36350
19332
97448
48716
17381
27193
65072
65458
17290
28949
84418
75274
32750
76219
48121
6794
16408
35453
91073
15779
58812
79666
67460
50491
87127
65765
5650
38863
95484
88954
73605
30526
86836
78465
34972
31064
37866
23218
32088
40729
35882
66168
31221
37997
45933
68278
5560
37883
98599
80422
44868
5628
32547
68751
6466
65006
58051
59712
64493
27770
99754
73144
76753
46251
66816
72509
64809
47684
67204
36957
10043
33331
76459
94402
94077
59832
13981
91629
93000
84098
76582
9652
89008
89769
85646
20193
53631
21277
45232
61424
38685
16073
20229
70337
65262
87191
49491
80485
21405
91929
58015
68065
60734
66637
85520
54033
29621
98346
66545
51992
45870
48416
89598
55547
91626
66191
45115
99419
94183
50126
26374
28796
21033
33544
75755
45120
61998
98504
72407
25344
48999
59272
39382
19768
82784
2010
43741
93154
64125
25386
53669
73325
20794
94083
36697
37879
69577
84210
22250
75270
1688
40962
16617
3171
69072
10638
25002
16788
29937
5225
62108
67233
59495
66591
28174
34858
87471
52357
14124
53857
84351
78301
3725
54395
96913
29087
14591
80746
58153
89817
66169
63469
50404
83833
22889
59395
88912
25133
53309
52728
8717
14897
77812
31894
85667
29954
72697
41028
96575
12309
78898
32543
28275
5940
14644
56469
60304
90098
58404
6723
7789
87697
22355
56062
7151
23188
18695
57213
60698
3612
11556
85410
92470
404
72466
96074
24069
16360
92285
44586
74798
42344
43329
79862
78882
12394
80056
20989
39716
22160
7639
82884
39512
26523
70225
83598
98260
34329
43868
17317
86991
7161
59703
95919
84046
69631
32530
50268
39039
52400
91903
26029
1312
82185
54645
74667
82250
96036
49018
89312
4104
46039
18088
90264
22815
25526
33582
53585
42890
49024
50432
95868
60638
49847
37267
18181
54939
92321
12087
84938
48413
63551
75532
48127
2925
69311
3149
24200
18943
18183
96866
31680
63933
72202
3474
26582
95075
54247
63559
51180
17575
73607
69909
26879
59494
66025
65987
1843
18660
97444
77978
78605
99194
14744
26885
86095
10807
24212
6310
4065
33367
29192
84687
90445
56607
49789
13729
41078
70647
87486
85053
36635
92924
79691
27542
41499
70071
13551
66178
44209
79636
170
89326
1166
64510
52183
43406
25573
42362
15158
84737
84384
34706
22350
28233
38094
95617
21102
76916
15173
68478
16119
66780
30956
5102
23589
35414
45048
59945
25715
27239
5588
67483
96318
3517
46993
54148
9226
43882
43482
82961
17352
28771
71912
38308
90048
43802
31293
94643
66309
13374
9616
12267
47272
31162
41027
77301
33295
48338
55795
84497
89014
87744
95423
49117
99601
84512
97702
50681
27341
15368
85892
7469
23697
8481
61858
62065
46021
70201
15865
14563
79003
11445
4300
88535
54983
2394
76592
27235
69796
55133
78007
84643
49598
21600
41441
72508
21011
95349
53323
8959
68128
87747
81902
29427
7149
3141
94535
14556
45586
99933
81297
32677
78242
88166
62918
70746
98868
37182
45326
35382
78686
47899
23360
7702
69882
75515
91408
483
42601
64460
37431
65731
52205
23440
52951
14597
9980
52907
58070
77552
8266
27312
64966
62298
84309
28659
50245
21962
8171
16938
38129
69399
66020
70633
50237
99852
16801
35716
79320
61444
59015
1636
58292
71058
95175
39939
65695
96639
17888
60146
60105
57363
67712
12180
41627
51325
66698
47525
97508
43954
77752
81866
15877
26565
54474
80399
8821
48027
67840
36235
47698
37852
70651
79473
12794
79048
93019
86782
16024
57295
38041
62384
66597
13594
20334
21467
43084
14
32269
79763
53137
21536
21410
21486
8151
53484
64603
76374
68870
43546
92612
13700
14942
29039
8594
86000
39547
81877
78978
61424
99698
88543
36539
64473
75242
50224
37671
51718
65876
18050
10694
83128
17378
73112
14024
25376
6482
7289
55024
70533
13408
43364
52470
57051
52708
75402
20497
84658
64775
58334
4555
85931
85264
9737
51864
14102
73084
26925
50747
84450
74742
90110
16752
29950
85837
83172
41526
22074
79852
69331
78126
1895
54526
7540
53352
66381
12490
37457
55532
44320
90689
83078
35967
1537
4902
40598
50568
91969
44258
51576
80440
46401
52928
23483
89476
11778
81853
15336
63967
42601
91185
27486
82264
62789
94996
40877
8924
84717
55326
47409
89646
16703
94403
70731
29136
86150
77851
82056
305
16036
92732
71263
78069
26623
93953
64445
55087
93331
3648
10146
45463
71536
14446
24153
40379
22296
77900
12523
70778
52987
84522
54784
89622
46522
61728
90891
87002
50088
75219
59660
75346
78243
74803
68760
1727
89211
41820
13211
38928
19952
82927
92510
88356
82269
50361
19436
1405
98082
46035
13266
39578
1886
56567
82297
16146
52405
63680
71638
5010
74978
53329
14516
23423
4895
68556
32542
62501
86439
26984
70509
47476
47440
24884
5317
53420
61418
93826
70190
28798
20190
44595
8988
60677
76405
20769
24984
14909
87601
4449
74462
35926
10891
99157
57296
54771
40453
24406
78468
21536
86268
11260
16165
38651
44581
20729
79725
37863
77950
41315
44781
10201
51663
13942
75620
46548
71146
42859
75407
9516
55198
67687
26416
61873
33656
34581
67093
68336
41379
5619
38675
31900
63378
18673
67338
28675
24591
61311
24369
78935
6617
63387
40563
40251
66347
95476
87781
27958
78040
4201
29553
72982
3255
47246
16995
73532
62469
67943
6497
38557
2575
6836
20497
8408
1937
28364
34042
34330
2402
3212
90222
12626
41282
210
86299
6891
57536
65020
39891
77460
36790
44139
10474
6517
56370
13961
38251
4516
93207
85327
32327
90104
2632
50087
37125
62157
82586
40421
34968
99251
10094
38481
78789
56459
80484
8670
31780
50198
52446
43965
53781
68563
62718
43080
66631
97644
56589
79242
63064
49523
22827
22030
91181
32205
31733
11849
86392
76011
47593
86133
65026
87906
3097
21513
51864
67206
76140
84791
44304
56711
4614
35944
3734
63288
16504
32041
33165
39489
61049
47398
10196
57606
6191
22621
63648
38952
9665
15285
93020
46163
44772
27356
39682
94343
29055
28451
98452
10316
71263
14912
92789
79618
46045
62231
57105
68018
86358
61645
12190
53129
75611
49174
75858
12992
20928
56743
984
78029
50718
83038
55397
64595
52456
88416
41911
18009
28092
84741
68200
5479
65089
60725
47048
71794
69241
24604
88265
19056
56303
39426
45594
35051
34139
96368
61544
83917
41870
35842
55786
48040
23220
93270
35278
48012
78830
86369
59881
70688
79379
40526
10552
56154
8581
84493
54838
78526
19338
13727
79588
99627
12076
72824
73023
93304
62198
46037
7566
31288
31795
64132
6223
38862
90150
56453
74543
65118
41905
15277
16083
21194
51117
17161
75190
74247
5337
52
55440
31925
28402
12907
86772
28426
46549
40895
65443
8883
93629
35284
6030
57471
36014
78492
15321
42717
21346
88019
54534
54704
27050
76115
17281
509
84490
67108
28554
35377
69208
26818
37677
34606
3883
93536
77821
74321
90066
56250
18154
44413
959
16816
62062
63826
16400
18543
99997
24493
98268
86473
14013
42781
57799
71602
82208
17552
60267
39170
66721
60557
59138
57159
40173
19070
28610
20009
23418
93203
82880
16563
91117
54979
98777
91927
62603
33494
34177
58534
4226
2035
57596
15664
46270
40115
54147
38049
37347
72628
24589
8203
67409
4653
84974
42692
46612
29236
16236
59693
98510
29963
51136
3711
43705
66180
65499
86753
27397
81492
81208
97332
81419
3856
41487
15241
83732
93261
63517
16271
85201
41936
21296
75118
49768
33303
33119
15465
9540
29874
91325
99675
94104
95602
30210
53240
70561
44074
2389
50137
73869
65684
64412
70640
16968
92325
39881
69856
20036
796
40820
56648
81681
7760
44919
42710
20804
31910
29439
64096
76547
50341
77642
71937
23687
5142
24188
54714
20102
5986
22978
20507
25660
77334
19397
99086
55074
19331
9772
30422
8677
8364
9783
80226
75104
12819
61583
1049
22980
9546
62229
59722
3248
33049
54562
52841
1993
53034
5425
25402
67868
28853
59812
95491
79816
93767
22194
5729
99114
81133
94722
16685
73661
49796
83639
42225
81717
6954
97076
1415
31714
30218
68468
60484
81301
86839
84364
37018
27307
33023
78081
80164
68251
14389
26182
32287
50168
80900
28385
6540
41803
8553
20251
18307
88585
87559
31492
18892
13260
84970
3848
542
39452
37481
47766
32350
1958
8656
89451
29355
66494
76473
70280
67287
90242
40572
85718
36266
80938
93214
53140
22706
40748
13765
87796
18804
29152
94057
21414
38666
54012
4200
22040
81997
15516
13566
44858
93460
83278
82561
56077
67184
8830
47737
17806
74994
72743
28906
22526
67129
14811
47778
94708
18026
90492
13095
37686
90241
35049
72357
98572
6566
72154
41102
65987
86487
49034
59136
10998
4649
50479
74197
94110
8105
61615
9589
24706
97822
28526
20987
20365
53214
72420
52683
17337
24890
50542
18167
1479
31651
95246
29730
31972
43994
65334
91310
17423
83185
56557
82002
58197
91978
48806
75087
33870
58420
232
8141
38314
44664
28545
11867
2677
8195
46231
7315
36454
24032
43633
55087
34639
14193
69153
37952
89045
98485
68561
72629
78547
26089
82780
45831
25865
79121
31264
59436
42014
36876
25834
9826
26431
91879
50825
12080
20447
67642
52093
95803
3733
31644
88839
41100
45077
93494
55809
94513
24412
23069
68722
73260
8503
61062
84463
78054
60440
35601
21348
9483
69219
85054
88576
99056
46234
67542
78717
90411
72030
24343
32031
10402
82235
60892
77529
25731
82700
90106
59785
4370
38527
86322
75552
52027
85575
84364
1345
46395
13003
85130
42666
78752
30882
48441
73865
26151
57077
49764
58062
24037
34884
66977
24624
4203
59572
41883
40620
10650
48893
568
8366
28941
77826
16613
13332
84190
54008
16593
71146
79760
82337
45891
85599
31965
65759
21850
30652
42439
2435
88536
32307
61823
40233
70229
87057
8699
95903
78137
83035
85128
74360
26392
37703
61851
34452
21174
2380
47752
82862
33546
67330
18015
23334
20075
85715
77309
48400
77508
80616
27275
28686
40542
89386
76164
25499
31827
24067
92075
15809
64746
94770
66826
14035
45114
9468
65438
4508
53463
94064
54615
42550
39574
55922
25190
48255
44877
24508
61180
67308
26928
23979
59378
35002
22015
94528
90965
65427
48207
57611
99224
67497
41753
2625
2010
2210
57317
58651
93656
82292
2592
25738
80663
33426
23411
78406
24562
85704
61885
16878
98669
75093
79749
85683
78799
26446
20257
4024
51373
4404
19259
87102
32866
77680
97914
64348
78035
78104
23070
74664
95713
58609
90760
21882
17431
6595
87883
1268
52087
89277
13873
34430
78068
8700
94348
29966
43469
48460
81629
2864
89125
15685
52598
42296
52900
88237
64594
71199
16973
83099
25630
45752
36264
23797
90778
47692
14799
56870
79136
32663
3749
46159
69104
69907
3853
8308
21787
16348
51568
1436
55619
67931
61204
11045
11889
35430
64978
71729
17343
27987
3383
63854
6501
80195
21
80007
22582
75450
52965
61248
66906
11972
27324
43335
95902
42129
13494
72363
42346
51080
31106
46573
71604
65104
99075
53979
89468
54792
65659
54763
8418
20909
5497
7407
19865
28146
95036
92951
5631
29294
25788
8728
29228
37613
53705
81325
31915
4249
81276
79418
81997
56627
78632
55077
2831
61427
1749
69822
36163
916
74756
59719
21641
38010
53167
51463
22796
59786
61180
41191
3110
25810
82739
33506
44990
86602
18882
96889
80505
71127
45598
30474
16563
99334
86140
55141
15030
47577
13815
20237
33673
28452
82842
94154
14276
29731
75962
5996
22788
81963
14743
69590
1662
4388
12026
38874
4519
94865
22603
19152
99360
6380
7157
69914
72458
18963
75179
19582
29083
53548
42218
64476
81153
13108
13541
32788
7399
10521
25531
59229
42713
42229
54999
46675
14179
47264
12863
46244
45334
65585
71423
57556
33516
23132
57363
30172
30750
321
40738
56325
343
75542
60303
15184
47370
72029
30109
14741
72015
41949
5572
19331
85329
43138
70764
17312
4022
77498
36785
98926
93584
95026
4445
29891
91380
7222
41786
14132
64305
43122
86207
89312
44650
88625
76111
60895
99674
7728
31988
57616
46535
82178
47480
15926
82129
74747
61063
72143
94196
56902
21852
38857
76180
56863
382
55616
45651
48625
35110
47139
22599
14065
32313
88339
17483
95288
63904
6802
57137
87261
16236
40785
16388
46009
76045
73782
24462
46639
73561
10396
93705
91941
37677
40314
47572
67801
49411
93755
96541
12791
87708
88158
71825
75283
36274
44217
75690
29931
62644
22777
84951
768
88290
6775
7570
32815
7003
61011
69295
33075
81599
31410
35026
77956
74571
84223
94549
7473
56987
3593
9030
20194
64238
53404
55089
52812
43886
30531
14315
78353
13978
24659
68729
37162
68833
10103
67618
2972
87586
83322
46666
28813
63258
66152
15555
36256
58421
81181
94122
50173
84174
24849
47896
78854
92250
7598
85684
39981
50329
50738
16699
35842
16622
488
64172
48002
39436
6590
16495
10805
24397
42257
9954
253
18106
4170
22229
98111
66036
62818
5310
69524
32203
45535
53537
75957
84721
54879
79964
87538
43457
31285
38365
40823
72546
55236
97520
83540
39607
81130
99079
23166
59825
67621
69711
30937
57308
94322
88835
16665
1309
57454
64281
85630
54098
97237
85605
66960
78077
11797
97626
2287
23134
92678
43972
89961
1102
68148
68639
55168
20291
9665
6487
98675
4858
52551
31003
98645
94794
79954
4031
18951
32368
92842
3426
68828
9911
51458
20460
5977
29676
49310
5369
20549
36357
94353
35138
47085
63029
59600
96680
28963
62486
89774
32268
73609
28266
70780
85343
95124
67557
92986
38436
61696
69443
48275
64371
68006
31131
13690
87749
24526
9394
65603
5400
14044
79354
98213
41028
29027
9831
60283
75045
75934
69237
53785
87167
78329
59769
14552
70110
44789
40008
95305
87598
51596
25717
79519
90835
81849
12458
1988
608
65344
11938
30620
10996
90047
97060
49052
69833
64145
69193
4405
57823
25788
63395
37826
24890
32753
63864
23199
24909
2962
78493
13046
10294
98761
47916
84551
81178
46280
13500
13685
47396
30440
89789
22059
46221
40334
50475
12715
37386
44939
53911
6631
70690
10622
37597
92867
89586
5039
12614
64453
59581
79545
79797
10454
88393
70783
12391
78017
93186
70686
41285
72357
52496
18345
98067
5318
36032
93765
36477
78768
55912
28686
37721
27595
10321
23350
62897
40079
40713
40622
24740
62698
88266
31206
77506
88937
32061
94564
84325
93326
15326
54870
98192
16088
60357
43483
65011
56026
91461
79088
59761
69882
34307
97972
61118
86991
28702
99159
22581
80045
14086
41693
24240
4062
5357
22036
38985
9741
49616
66246
75916
3335
96328
32900
1787
89776
70077
25304
66747
13815
83844
61147
76380
56111
56976
9491
5873
25661
82895
58685
16020
27145
63997
41119
29064
98915
2691
21783
34306
27076
5915
31601
14035
23450
92906
26370
66837
14453
74550
96630
35963
88721
26261
79026
6712
9588
33681
35790
65500
28884
35518
76823
72716
46217
73071
52359
72712
86040
15830
81485
67250
95162
25547
5611
74192
45082
96780
13111
99143
63729
77073
84111
27952
73846
72800
71760
21018
69354
14843
56983
43385
43526
79106
96182
2844
84221
1350
66827
43269
40737
87815
71859
89845
39124
43166
48484
47507
46881
86439
16385
79400
11111
21228
37230
45096
69229
41940
45346
54226
32172
32488
70676
96284
42401
35396
67827
59833
68417
21050
70689
80083
51482
89548
50578
68841
97932
79513
11730
37258
55568
86712
4915
31167
59434
41814
15525
43473
98361
99153
87155
30503
32100
49833
45020
11629
24464
82050
30337
50524
10641
94016
63228
91804
92971
62792
20185
2595
5136
79625
9740
46964
76097
79259
45069
93245
33842
50180
16737
99559
11370
33776
9821
6576
28578
27041
7937
15290
73707
64064
5397
35162
3130
65391
25644
44095
70981
70735
65371
89200
18795
81384
48598
83072
67365
12441
19787
65724
6645
70064
3792
37709
30757
18524
98164
93046
37919
1038
37645
85109
22460
61308
90066
89144
28344
65588
56882
71210
35641
50646
70482
43466
47652
92298
38777
99391
70106
80378
10317
56719
45332
12308
48440
16112
54011
59836
87175
51364
4702
32283
23859
42665
11066
92616
34902
90767
14137
33415
12309
6682
67869
28641
35422
9170
3779
14284
12284
75777
99018
9142
14663
27901
41424
58405
46784
39272
37738
31045
50523
80110
70891
35425
87640
81213
11040
93455
53140
83965
51077
54887
48923
17894
96534
50263
43069
62576
95542
23295
86978
74357
80443
57646
61294
16766
52320
27553
11493
5536
15907
51208
55446
76480
94033
94176
81817
47705
75410
15100
94186
73337
63944
5557
12201
68407
86383
39196
51269
69512
21702
68071
57239
17747
93715
76976
77967
27023
81276
9927
52491
25566
77755
60221
4539
53751
82119
48866
64706
23294
25138
21187
21764
57759
35280
11584
79964
37663
10496
36603
44093
5269
80741
36490
28441
54652
73877
90022
15637
67530
30283
87514
37980
12006
51239
49245
7091
57088
85513
87575
9137
15214
41266
36629
75275
21985
42275
47511
74037
58536
65920
36198
90820
46116
13166
43310
68638
34801
60565
71110
50219
31760
9063
45021
45971
44176
59108
25600
93322
71159
38762
38746
27741
61541
78702
32571
49123
3964
49230
6304
76860
3843
40361
13697
97200
74895
24926
4191
60151
63164
15240
87150
58826
34677
80196
66149
72258
60958
23865
77437
12816
17809
6972
74309
78718
52286
38673
90027
75926
97099
14755
46100
90376
83758
83724
90129
64862
307
5852
68923
88210
84072
12028
78573
93014
82010
57722
64551
22362
28258
1555
67956
11125
74823
26853
86650
82367
62024
52231
60264
84258
24144
39291
58791
11571
13184
60927
25444
89900
39851
13289
79774
62776
21180
68334
29937
6087
61900
85925
78922
50201
6354
47495
55296
70440
79557
14772
74474
25498
96631
91268
4521
49955
85206
84290
75812
25199
55147
2409
95052
78609
93686
88530
12672
16979
76352
54010
63385
1827
61413
98445
93445
45821
83685
27309
80007
27420
40004
16669
78567
61937
10043
13018
46668
448
35528
74863
54662
94127
47232
64224
74127
93073
92886
30064
74190
83604
86598
975
89180
70424
21848
53933
44041
5234
18421
51514
5304
78958
96711
17235
76269
25353
12143
5547
87502
92798
15486
91398
10641
37029
33294
79347
10684
13280
89682
8516
42740
59471
94239
7367
74537
25901
19604
39179
53881
22034
40890
47424
21484
20917
86183
97713
40634
27209
93642
13714
63518
19885
23328
7699
29264
37477
3349
80535
29942
69543
39305
95113
53276
3597
59139
66003
94101
80427
37008
35087
72713
20058
385
11525
9611
64263
98822
57552
66161
56173
58815
99748
66768
98129
76579
23234
54554
88839
22811
4636
8361
86845
22007
70971
60857
90854
40819
92437
51369
65864
44450
40160
39558
73216
46384
75464
67003
42963
36613
69008
88506
72726
88424
42660
18752
30245
7940
16798
99747
23347
47464
24465
85441
43172
86173
63015
86154
46468
88388
8624
69850
83671
46920
66139
19879
72342
9035
51156
60414
46889
35812
95151
97888
63382
27005
39451
28252
20187
82743
31562
61033
99596
66747
43858
94650
96428
36954
19981
8547
20371
91076
26455
95909
32995
24142
2756
98316
95168
93444
98471
9863
16815
74243
35607
89180
83983
77834
3226
83762
72547
82488
71147
54678
91219
84696
14348
50788
81211
48715
47782
6854
91818
78879
23136
30653
32883
23369
64661
46327
18928
35419
79039
55188
97935
49058
43580
25225
82122
66081
5944
17653
65906
39252
39153
31728
96936
9964
72364
95415
42406
45329
56799
15070
24233
8254
15198
4186
45042
10298
78328
81938
75036
23270
18460
17382
49746
84593
1716
76935
3347
3115
42147
61623
3126
87652
13525
80133
35095
48527
10369
65994
32647
13019
176
17332
68273
98121
3159
22632
66860
12402
31181
78795
93567
38541
93748
30079
10812
465
95457
94242
39576
80738
81343
23449
72678
78721
42687
39200
12289
71758
88001
2287
19924
68379
69441
11694
31332
13200
95201
19541
6282
51308
93060
53562
3079
36441
6749
18527
18173
85660
15665
48783
10825
87366
1308
13348
51828
92116
26533
30505
78638
79665
26345
9549
58468
74993
72174
46903
68243
30635
58194
54373
65873
80091
78726
70096
46477
11925
294
36289
30979
49235
79617
1243
70849
23473
25197
15694
60764
67333
12842
98616
4589
34308
33245
98459
48548
3685
8855
77526
54939
93760
78844
35453
8846
35111
18740
79771
49645
41156
14145
42431
5634
56746
44481
11260
6297
7238
55339
53781
73039
98894
80526
49702
11725
31755
30208
14165
99627
93645
24205
84897
22340
22115
29702
89421
58155
45950
39072
94088
22764
99170
86044
59635
69215
16791
32908
27060
47487
71904
99753
29835
20388
93406
51815
29538
35952
60108
22759
87282
32921
61358
14452
6487
64056
9690
62116
89789
77734
75361
51473
11768
2576
81785
28651
50107
23625
45650
95367
61295
43291
64099
55679
71263
90354
91389
21168
48165
86355
6956
87543
29297
513
2320
70275
64632
59174
14364
68786
65126
24681
24031
55572
63142
37685
33366
97672
12160
94753
77224
75218
26693
47728
72847
46841
20617
73841
63225
38662
38895
66372
7588
72273
16746
30536
9303
3733
35123
87279
84174
48430
42750
30755
61514
68530
91873
6528
36155
76297
72199
47365
80974
9381
39734
12082
85508
7574
31056
46126
73912
89047
32734
12064
6301
11333
27824
31698
33803
31431
78178
82525
68402
39330
39565
33628
25468
1000
27925
92481
84977
37935
2179
53927
66464
69065
83937
77721
75559
11561
22534
7470
89505
63423
73680
25000
75369
15991
3068
8859
61700
79957
7679
24860
1918
75398
13385
59220
6037
65344
1816
82005
21426
21264
76824
26451
62526
91008
51935
82163
1063
74346
53920
72592
4623
69507
92052
71060
46785
35061
88589
56007
88154
76402
92859
33308
3268
4466
56771
67262
64748
12754
90315
53108
59211
61428
97369
63641
61283
33987
89666
40162
10866
5237
84875
54676
27035
17848
22292
92202
60578
5858
16557
30682
19270
78479
26199
70960
62918
26021
97418
8209
88664
43115
46159
95825
71105
99948
21125
92342
73874
92278
20864
54543
2696
43127
27414
11209
40111
79803
33241
31496
40198
18766
91887
10013
32031
64395
19213
68939
32383
17845
71513
3219
55506
75352
38331
55426
31015
56458
49487
58563
70319
91132
15767
42076
61960
40294
63297
15356
80063
57343
96176
30713
2558
97967
74643
17396
14894
26598
7839
798
7140
29232
28926
2464
79122
61118
82134
1999
63155
84244
50783
49249
2349
71337
9075
21731
99980
77249
81607
1566
75775
44494
38060
17244
20273
23192
4189
62368
67804
5466
78465
17349
6615
5480
90302
64348
8470
63872
55627
48694
39699
5817
36434
80545
13853
13496
15125
56358
73802
14641
10220
83119
1777
92348
53845
18156
16910
56668
44219
20596
5307
83391
14223
47827
85476
72413
52603
30430
78375
61406
85499
93312
68863
18754
29556
11722
48978
66268
47125
9600
44802
56682
59789
6952
83244
93669
64782
23333
34454
79758
45706
42440
88279
96070
61344
76679
44549
76181
79124
2118
79626
59064
47086
1931
4988
77860
51531
29798
8647
94548
43042
37552
36498
53356
65480
53557
97645
43642
65369
34222
41501
80901
41636
87798
74825
93031
27341
77586
24383
80076
66843
32437
42857
76666
55035
29462
7067
26664
26041
33285
90259
95471
54591
79289
17920
99317
38761
9527
21763
51409
11885
96817
99828
71248
82328
55587
5206
20195
20182
58428
65427
99868
12415
18817
33199
96587
7824
87095
43274
58252
5952
31673
86345
82561
6910
50275
84860
24289
34063
56210
58009
22571
90769
92673
45566
4635
10821
11271
79139
22271
22321
82830
89449
44134
13099
70653
51943
50726
91315
26036
92020
18607
65627
44957
87453
20685
4051
79403
17242
73235
38299
14077
62916
31140
40895
58719
72671
85372
93303
26321
16592
82723
59437
75478
14463
16815
15974
36739
64710
82867
90275
12422
46711
2016
30839
89297
29808
55130
58733
25858
57700
70196
56315
7680
17170
30614
24606
965
67475
20477
55361
33568
77164
30794
78273
29465
91568
6541
63171
94872
6322
19354
21326
30327
92957
66216
52524
40948
11300
12888
17660
76004
52455
86099
55001
67088
48212
87584
29645
93093
63610
82151
20728
84794
5309
275
72042
69879
84948
37312
83294
26245
10233
65633
36832
94932
94421
64975
43088
83953
87510
83941
73999
47473
73226
78150
37161
67409
29619
87316
65803
11283
34108
71529
75029
42176
96249
78961
44569
88879
48757
9443
56051
38831
33248
27562
43778
6415
15777
30082
66286
36715
80331
95991
7178
36389
58460
78543
85956
72198
65754
67858
65213
61943
95660
58697
11165
34983
21987
32349
46114
28103
64141
49523
18497
99242
93519
65254
2583
29977
61329
75484
54388
62530
95464
110
54462
98697
4889
68630
23756
94648
92591
19222
58808
61351
49818
24782
1402
67532
12067
17185
67724
75758
4370
90353
9301
58196
24522
20790
688
41471
47845
1988
4022
36433
44283
27110
403
64923
67496
99926
73127
82201
42847
54676
63270
8786
22273
86555
3737
24019
2685
60351
60861
96053
93175
75133
10533
47682
8454
49053
87748
77045
95476
67187
55826
19589
71602
39657
16688
84010
55635
34068
8667
13715
55282
4603
92640
77557
86813
81697
31677
13262
10748
91626
28489
602
18264
149
99867
27456
39995
17552
28908
38713
93331
81222
18263
56378
81662
12358
37514
95527
47732
15151
52917
13855
81629
12605
45584
4763
10452
92207
16406
72543
15445
62154
23521
95078
7751
55004
24825
34075
46098
99563
53478
56052
20761
14632
99114
93318
35017
58872
90157
60532
69856
83997
1020
55817
92372
23441
11885
38444
69650
6672
60558
7704
87170
52781
90363
99324
74276
86124
39002
68643
1028
36711
19954
57102
66248
63773
26518
49797
42189
79444
86947
51762
5107
66278
93169
40865
60063
747
49675
7953
6836
30565
12478
10268
76458
4220
77050
8584
66985
94942
93311
84246
28129
68671
90240
49717
88084
90629
93147
79586
16461
63656
78719
37210
20375
15022
83244
21880
81181
78947
91055
92655
1644
3201
50771
90458
81060
21623
86448
96528
17839
73188
25902
96304
81047
80806
40799
77992
45870
61071
54723
19150
14093
80421
46581
35387
24204
37797
76863
75158
60712
26510
27857
69530
64554
16084
69352
63833
81461
79692
99612
54460
27897
14634
96181
94912
84144
17552
94174
38420
16973
2835
88456
7883
70160
53522
85069
42540
98025
22982
19675
91926
3303
98145
42204
63789
19777
30795
80236
67340
8100
54311
87465
73452
42190
99703
50221
62453
73299
27002
63914
5280
86609
87203
36396
97165
62973
71616
77287
68701
37016
54117
27192
82795
43712
69408
45455
2011
92569
3357
68930
33358
46020
41448
51593
19802
11425
78174
3012
86287
79117
32154
33934
66755
6929
56203
76680
37945
91640
76334
48105
85875
29878
8616
45451
77599
92445
43728
65842
37279
23937
98371
49950
15442
59949
65864
80154
36697
62472
59106
82345
10836
34257
44463
75154
52746
64270
9590
75604
2645
96908
51087
89578
9454
38642
97028
13857
63301
73320
43379
15378
56391
77865
89178
59856
82946
75477
19759
91048
56171
90482
5896
9420
55677
62142
88561
87997
22508
52407
95531
43937
89362
95657
81066
88250
94927
32493
3354
21692
81427
22490
30518
41977
60173
14883
3900
30985
62401
90845
72718
93359
80283
15257
6810
5456
72921
56106
10974
83150
29229
96016
99504
80281
77217
83186
28639
55801
79297
78974
65469
70185
9340
73396
70401
29799
35934
81648
21185
49525
747
95963
22307
14253
19416
53804
69495
27870
30937
9831
56280
92506
48492
62181
6121
2868
50630
16053
92175
22087
68662
90484
34549
27249
79739
76475
10760
69537
67024
18567
22351
44224
2468
81754
77876
50282
30504
67165
49898
93685
31312
23790
890
19993
55511
57239
71717
85420
6678
88718
83895
19728
22015
62607
80482
12076
83823
94722
69781
6365
99466
28360
51265
99724
70066
29551
70700
19084
89001
67144
27598
76298
371
54186
5187
98876
61616
32165
96862
61458
46266
69408
22005
61977
26656
54946
4555
14673
87073
75098
47273
89331
93452
31072
81166
24825
26851
63816
17133
12326
34902
26613
42567
8355
30544
49001
15070
9046
88298
60405
95068
30040
54173
89221
41453
45654
1686
19502
98151
42292
35658
27479
8090
44237
47130
44707
71763
29635
96266
19666
33374
83723
72564
3149
20655
91405
81563
40213
39631
32129
92249
96287
20629
65457
94849
94737
96462
85119
49191
12972
10686
91716
61009
15814
63302
82341
33682
68446
87840
82412
42928
37226
30895
66747
92805
22436
11552
88844
51560
14249
38040
69019
59401
86598
20588
74900
36502
14072
72750
44334
16069
60083
36083
46315
5013
79504
1363
70143
95094
47344
30282
57725
57357
11757
8866
44599
80427
12565
47803
34800
29006
10977
8797
71292
34017
14470
35176
47626
76518
87966
63601
5306
79212
86322
29868
38768
25117
62036
67859
16604
35240
61869
99561
96676
54703
65160
52533
99735
657
48210
98222
43313
95563
56941
73788
7138
58513
15717
8103
57174
98124
65607
14448
72561
74192
46175
77492
21106
78663
86866
39589
81094
51938
775
17989
52222
6353
76391
64446
4092
48900
51131
94471
4855
78826
71248
40558
68478
2233
79536
62410
91494
19656
92133
19892
14002
16042
65117
77490
30813
67340
72157
6502
67052
94986
19834
84483
15899
50285
61859
36564
62164
80241
5641
17027
67116
48874
7056
37761
46775
96838
46752
77436
30651
74010
58359
29960
48369
59743
81500
40422
73381
57660
97558
17707
92023
76964
94918
17815
60876
54143
51789
91729
27747
3110
15996
3233
90889
29076
52402
8729
41455
54367
93546
7266
60365
31482
2979
80149
59424
15660
30826
54676
20442
38085
1957
10384
83511
21907
5489
51587
82086
78140
7412
17466
78041
85485
18773
46930
21151
65829
29880
72577
18084
21254
72480
88055
52581
83233
98455
26126
81185
82918
33746
26290
23358
58239
64931
22881
9995
92369
91509
75521
10708
42088
60746
2293
55177
79394
47474
47925
50597
66290
54684
11928
62827
11990
86199
71351
49207
74629
40478
52829
70262
25039
34333
8098
36500
95141
89299
69730
52564
92345
218
56967
79892
28841
99601
62232
19207
1380
37234
98211
92547
88520
16060
2631
82173
37755
80583
23431
74231
582
47386
55331
21676
75302
28266
62028
78286
73935
68569
5888
10214
44010
83290
76794
93711
63968
80668
70911
5110
10922
66381
83744
61515
35093
11834
92021
46533
27227
11678
63259
31029
54497
98219
64593
66069
47615
58204
78445
4105
76651
1906
12508
33875
84794
60199
34165
5786
20874
21355
15290
54602
29101
56328
62961
95060
16009
50928
49128
71169
963
93573
9737
68925
28525
25509
58439
80120
71694
44131
48723
16110
18338
99153
5817
67404
42209
11235
63411
44882
51467
67455
84318
70250
96226
80146
99289
34878
73959
75012
47278
5171
6014
15107
61995
73230
43157
95966
10118
33909
65138
91227
30994
99397
21392
68808
27156
68160
47035
6549
93247
20017
64848
67114
2409
7633
75361
20907
69551
65744
47592
65670
45971
52081
47027
96286
26479
46658
90458
84693
12794
44822
34492
60113
88005
77016
89392
27866
94214
88843
37143
47214
45418
86271
29
87580
67655
87241
1722
10087
29461
65644
32966
83135
73291
70747
7416
75477
6677
46479
55607
63853
28439
68750
31198
79593
21648
12973
57455
15449
49988
73840
82507
33601
99986
70602
50811
4227
8562
2642
40429
5120
51143
56194
20556
27162
51783
26233
16916
87060
54398
23900
66124
49955
2652
63373
65520
49056
55846
79148
41059
98464
22842
30833
84587
1013
37518
68255
56770
44162
15855
97430
15570
28707
97153
16479
83293
67095
62405
68522
62578
2500
16299
1758
88425
3950
39087
88590
92338
7458
20662
64044
83020
7614
12515
16990
92892
2526
61244
44965
6099
86907
94061
41757
41877
58013
23975
88871
77146
66966
4293
91919
18568
14411
37213
39106
18568
34801
62555
39743
32944
21413
15274
61990
9308
31408
20440
66870
458
13281
83116
40911
51870
49855
62875
79131
2502
61509
81101
52014
97196
9426
4281
15582
68381
22641
37497
47806
97568
67122
26905
25722
42629
73204
81197
19891
62095
21636
73703
67767
71334
1197
10143
85116
64621
24249
91422
55844
22877
26749
70897
55214
32577
25780
92215
48926
65171
10727
52203
65429
95095
47621
78147
99760
47619
92437
50395
80763
61103
51243
48756
55939
20662
77491
61059
57638
96738
15892
83150
33586
36581
12302
72749
58963
29466
24697
80889
8416
22634
94351
15329
14147
53315
92988
57671
56476
35922
27572
78353
83789
84112
10017
76821
36385
48885
14482
50842
29893
90387
39743
31124
62500
64267
90628
83776
29105
65795
14217
2310
86591
20104
68546
29437
25567
56953
12488
47525
96184
74960
64127
28261
30785
30778
64986
60494
13756
24525
13928
64515
11933
15584
57462
73994
19563
10770
56138
32672
55955
25582
14685
40572
58327
30219
11658
30229
60465
97245
56219
71701
19110
11697
47481
98865
45734
36651
59881
35877
81906
55551
37028
2266
97262
29976
61275
38187
77107
50819
91090
14699
3569
19675
11004
36842
48431
88888
19263
4751
34516
50642
47591
57815
50436
9580
83503
37946
47180
45558
81540
33562
31631
89576
58579
8426
41695
27873
58651
25069
34656
6254
56107
77671
63023
23912
34240
71133
50300
88917
25979
24623
8360
56814
86649
68308
41872
81756
60695
43616
50213
8334
91460
70675
43057
84211
50795
2266
83557
53240
23165
84707
2435
28170
21042
58640
91472
69565
43728
48877
65832
52429
83012
78889
74141
3578
7901
42778
60486
23044
12227
84506
12824
51403
18163
5286
10916
66747
1734
56877
40779
41228
66908
28567
63459
41727
86480
94014
84280
88225
97259
71138
7995
47129
78833
4076
24267
96384
47525
98020
67215
15199
83303
43978
7876
44210
66050
97073
73840
35915
31633
33374
96304
69316
30370
18029
60830
12176
45884
31592
20825
21096
31160
65016
18670
39486
79392
81947
49934
56263
16728
82022
90165
88464
33637
44498
40869
54024
80132
74748
14021
32477
77574
34326
96214
1454
39637
94596
80298
17275
10786
10356
34233
80040
40227
73332
77338
3228
43151
49675
91427
51956
42965
40496
66666
53468
82810
45804
56481
68450
49106
38870
34039
54786
99043
38081
20204
23929
28003
90430
48254
73738
43900
53213
22988
41385
81926
50395
33998
20608
97031
18829
30842
7462
49195
88001
77282
38967
66858
93340
83919
83589
55907
29380
35667
73996
5973
4206
67223
46684
37612
16615
6516
58906
64897
70190
81559
57017
81209
89315
86219
82844
69172
42010
67893
2267
38458
40602
18989
21863
19312
52356
31316
46701
10369
55999
42633
23613
24134
53871
53841
87579
70784
47475
16516
65118
97395
36061
92675
54937
33144
59463
91042
65008
64197
6983
86742
6023
49917
23756
4297
3922
98788
67929
31523
65199
25175
50801
57063
78808
64250
91327
55854
39571
80977
18760
32976
99602
44447
33418
92507
81548
22473
48794
42225
15589
16446
89356
30030
39130
35245
26468
11737
56373
75836
51959
31538
28111
13372
96396
68606
19168
92938
39293
72588
29559
5791
54149
21203
24929
87106
74489
94472
86543
96484
73066
27478
31409
57156
59825
49321
46464
49020
85817
12025
31558
75366
55914
55688
70022
492
41499
85046
12
38608
69915
60839
40855
82360
71897
73260
3477
75698
30330
95847
94652
59815
38723
20401
1267
72377
4758
82473
20905
12260
77416
81922
76582
8867
93758
12374
75348
83092
3563
92520
51892
74172
61053
5909
1255
76420
74902
64632
7852
44294
99040
45232
70699
60800
22460
92836
56546
29696
81894
49064
50253
97514
18290
90350
22572
34817
71724
21050
97391
42847
7957
95339
9330
8536
9504
89129
79503
80353
30707
31170
29476
32624
40044
17868
1114
79839
38832
55901
87907
65064
49637
10707
76187
75282
81789
29778
71010
47712
60422
68671
26883
57950
36373
51773
81655
86538
37450
79930
41817
89092
29002
53390
39789
9638
17309
75423
26186
95986
74950
11983
2060
93016
15659
97978
39022
39694
84373
2502
11384
12433
44762
52158
22542
26662
99705
33329
70109
341
14014
79709
76887
37442
68458
11180
55325
54533
78420
50743
24007
39461
55634
7189
55215
233
26453
85703
22471
55591
12722
81433
39470
67140
51295
11120
65656
94697
52835
46176
118
56312
52133
57873
75848
81150
32721
65177
72232
24980
33664
35550
49597
63008
5791
67600
97090
62711
38751
51964
66195
46708
71019
961
50145
79733
77103
25295
57096
25742
69598
27447
94351
2267
768
40574
17461
13742
55713
81480
13477
40814
87407
87008
36001
45522
7836
76837
64078
16695
41123
52402
80476
26625
82722
41479
86115
22012
75181
32848
52670
85441
26977
53037
33393
57842
62925
60789
97330
94613
62954
96335
90006
4605
76191
83275
69168
79508
37151
998
25647
98796
65457
8808
96037
83933
87132
76194
68188
31482
69057
16598
24630
3433
13144
2298
65910
36908
31968
53643
57191
13586
91224
25795
41422
53025
39976
38445
79110
6180
48501
68538
96748
59554
61829
17879
24235
54642
26432
8936
61781
74723
31224
27902
65532
20478
36937
49564
14327
64577
34012
28938
42419
63304
46633
4344
21046
64847
64370
59770
52431
21664
66598
57080
5712
16990
50791
10026
293
76989
4621
24582
54527
78013
34321
21601
20762
18234
76403
79454
40719
34571
15696
20449
69085
72754
62734
92252
51638
96126
37925
38573
67784
58115
78223
79074
44707
88282
81575
56553
880
74261
98565
93016
78288
66218
64878
3322
16601
47910
73564
21072
14449
45270
78006
92579
58761
97204
37205
53363
27273
57005
88346
93239
74169
80801
95489
32732
21586
79260
29397
53195
3747
9466
41765
83126
28778
45748
50158
70910
77550
60824
15610
48918
33132
42088
91474
83878
66472
83042
27913
54862
64464
44985
36543
50733
13498
62425
45158
5144
64764
7302
26834
30481
40351
23343
84720
22635
49052
37396
39915
39670
85154
43394
98857
7934
34095
77458
15088
38232
47181
80138
68759
27236
45049
58263
11581
38476
29481
79196
32039
956
20307
70903
43540
31023
58785
29064
58342
18613
99591
7813
75193
94017
37688
29332
40954
41138
99746
65552
84255
43873
57731
34295
49711
5739
91508
41649
23188
35479
18152
85417
58843
69709
22432
93733
68483
12266
92979
2675
30887
43745
47697
69765
23763
42979
44708
24390
84578
21666
86126
47677
50929
25905
1226
85538
21467
93348
79130
51992
33800
22237
84301
45879
51005
43748
45499
90578
22100
58677
68667
79949
15605
57709
12311
2748
66585
95638
63315
86142
67276
48331
92235
21355
45702
87735
34280
55910
32924
42972
3440
84228
70194
14030
28800
75857
74163
89596
78135
66821
33787
43780
45
17362
68519
726
16083
65688
71647
73184
88112
43340
53528
84133
51534
30833
97403
60180
25447
60438
11589
24223
2271
44750
73670
9680
44194
24267
78876
37192
2524
57480
33927
14818
97771
24150
22110
71599
21276
73320
30051
16597
47368
67892
6258
98484
90441
26153
89760
67909
41055
87296
24637
80871
540
22287
28330
93897
5526
87266
46278
96405
7765
58504
77640
74035
32716
70720
41253
64549
63154
76362
21118
91612
13308
60401
65368
49636
66501
22910
96740
87000
42514
52988
34647
8842
60236
35884
96853
25105
95429
15040
66161
4843
33117
87166
42375
42135
32059
89130
25610
62227
22017
73872
51001
62526
20739
12137
99086
41346
89960
44284
2494
59982
86419
81492
98804
87651
98669
94902
56631
66739
84747
62888
26483
94512
65997
16432
6492
42045
42906
85657
37118
66807
56419
80713
77436
16642
9660
77407
74680
49881
89758
72331
52915
82165
96010
19899
64276
78834
82731
46639
49996
65237
41869
90004
64406
25273
21957
18525
9021
77233
60346
26839
94176
69028
13677
35297
62426
98038
6619
73035
38909
32952
6048
52565
96282
80746
88839
80333
10466
1996
45017
73643
82081
86562
64264
91875
97791
74799
19275
73479
12417
55379
11451
11773
53081
69441
6910
2332
96121
28916
80643
53380
7604
55202
4491
33441
42771
55499
46384
52580
3766
46703
79983
27658
65725
80128
93684
79840
57094
56593
72233
38843
62654
91047
35442
86025
57436
35257
91459
76148
46303
67086
97244
10493
65630
28292
63571
79928
28058
88040
48315
88212
90064
75559
52842
6311
374
86822
67117
58599
22925
22816
11971
29757
57346
70578
98257
77496
48866
44493
34327
16212
29862
40974
25848
79901
82017
82630
87049
27720
84436
11310
84699
88850
42803
41177
66838
54517
18487
18906
98344
62458
91191
39447
36462
45287
38151
28577
32083
41253
22479
78917
69272
15736
49816
31568
80102
69272
62909
7606
34088
76820
23365
64900
70763
10104
62330
99091
71938
78415
52348
14125
96931
70939
21405
77219
73191
11034
78700
63919
18080
17298
12072
40896
40126
38997
71726
52871
39459
23475
65781
40263
10332
96327
15874
99094
80994
38247
24726
50246
48375
34641
80409
12056
63378
2405
27508
29161
21866
93479
33770
96513
39740
72397
41841
5988
48113
44928
28238
60531
69437
13230
74279
86512
66553
4795
38058
66634
75341
83258
78230
19850
76445
69395
22523
52012
31296
14975
84971
73582
49834
21066
81990
61916
50680
32980
55830
47341
58089
11602
58467
8338
81741
931
55830
6041
19525
79078
70477
92841
95344
73868
82218
11616
84813
7454
89688
99782
5950
32000
37832
40476
6141
45547
16172
52871
43296
68798
14649
26795
78318
80007
88498
63540
60035
26264
70547
22081
54981
18197
86072
79956
70686
78421
25349
65932
43555
64092
94109
76754
29767
97386
49883
88280
83015
36295
54613
4114
50502
43104
57537
51538
50122
83793
52883
89
65826
38802
71623
11651
47537
28230
89728
74845
66245
12113
99309
70060
68877
89452
32033
5379
89096
40332
23669
80567
46787
97140
87412
26514
10949
98271
85549
40770
61262
57482
9168
51491
66047
6049
24793
76107
8950
61610
26793
33570
78857
87162
57774
52397
62892
99642
57127
70694
20609
93086
47720
35759
49194
45697
21643
88716
33713
23281
34565
21835
33194
65768
19944
93839
38972
43996
2208
36519
67320
48733
87159
23198
83255
11991
46284
9312
51255
26370
809
55778
891
22814
2692
70091
34543
69885
47261
48983
88982
81791
62114
48793
54375
73374
88266
1167
48195
41414
38909
92914
97866
95198
45674
14634
41195
18046
53130
50402
83102
14499
49000
99329
80379
31084
54397
73032
523
36264
21415
54545
16724
42035
92971
48171
75397
99168
64842
32504
63742
5936
86738
77251
89412
13708
41058
24393
56813
75211
35661
99864
63880
53994
96851
27237
56252
21133
43848
14845
95654
94872
33405
57921
78293
63400
22034
65006
3450
56497
21729
55324
37580
73430
60886
64229
45600
34715
53742
21057
49058
92470
88650
78386
13246
2114
86215
28867
38700
11352
14701
31471
61342
81833
1499
17343
23492
5058
54108
2412
31883
25383
75391
89205
51258
75567
14739
10106
78190
1397
68129
89005
16179
63835
37786
54900
24771
59130
76211
36969
6104
92868
99766
88799
67223
12369
30058
52669
67102
61811
60094
80830
20744
19761
42166
35507
14719
68231
79038
81594
50685
91198
21738
69066
97169
87839
68961
5366
1468
65271
12518
29775
77880
46875
81829
35776
79496
34555
95100
35
57390
49950
98954
23634
8471
91879
94273
9856
38754
47318
45392
53211
90998
57009
66816
65054
85254
92304
65959
92633
47912
93273
13186
39135
28305
96483
54011
75908
43205
68580
91342
21271
41107
86299
44739
31790
69606
33692
96297
45355
58843
80882
68052
73333
82010
8594
26257
76802
16240
40715
41622
38348
6996
79978
302
33952
62561
55753
65960
18789
28373
84181
47940
56641
5440
30757
54744
8448
8485
62323
72186
54152
46692
85404
89369
73430
71701
53975
52086
11761
53768
94536
42074
97253
51026
37010
36453
5185
12986
79775
1363
88786
77208
17833
84658
64313
89132
25975
68106
83782
92130
75013
78375
96102
68856
41397
19206
86174
77101
40436
32079
13474
1862
8189
85623
38812
42949
93710
8378
41032
94962
73811
98903
21717
57731
80764
74573
43592
40487
28589
3047
58352
18400
32127
18551
56052
24687
8982
85259
91245
19819
98706
33976
29763
61402
44219
42749
17839
99848
81244
85781
21717
53732
79720
34889
87605
55043
25755
88100
13834
56581
40121
18692
91070
46461
33749
25924
47569
87210
37904
59032
95899
49003
94152
81528
60520
65913
89176
34405
19064
1397
34857
91751
17714
3976
53562
48909
86803
56024
70967
59018
57680
60196
78729
86472
31567
47650
10075
83548
18419
76969
38569
99833
60413
73618
30963
19753
68519
26489
90866
29468
32529
18170
21515
42042
88128
2992
25042
10659
31530
84264
98746
6214
30419
87914
19772
57536
15122
63286
6367
54078
79428
70438
5016
22170
50427
9924
76453
62139
3514
65771
23769
28761
51200
35611
95561
66078
89449
36952
5533
55221
59559
31755
97941
24999
36436
62340
51674
23697
51059
96852
69811
71426
39097
32163
30981
21794
66576
34434
15261
61880
287
95221
72465
4907
22782
84981
37492
30953
21290
4977
45729
63612
83890
57022
51731
91129
58426
12670
88480
51254
45248
67310
88999
36097
21689
8961
97016
59000
15705
85267
37170
99417
77014
59480
84747
34550
44121
89701
69957
7979
77097
43654
83541
6231
46947
74837
89338
24737
25705
85771
42332
7376
32893
70672
13854
48157
79390
28120
10469
14485
21734
67019
19357
77997
69608
58612
82131
42368
51635
40275
7367
40965
22528
66055
44942
8061
82878
9259
28421
97679
3796
36350
470
87890
35871
74833
45310
11715
46050
92431
86951
62453
84533
18478
50132
74601
80566
39086
94336
60211
81248
29274
58843
84915
97175
4499
68274
55424
66935
4567
97537
4278
77304
75507
14905
25192
13220
32842
55234
9340
17956
3676
79368
85803
93534
42587
46558
76263
32020
83120
58029
59119
45750
4089
32694
92114
90464
13365
12246
14827
21516
44105
50474
4552
72742
71838
21165
45902
95296
57649
98033
18412
40866
79495
70340
99646
70381
5852
85180
36243
35835
26218
42689
28712
9857
96830
61859
25095
8273
49668
25158
21323
65785
93836
5004
50082
53344
86761
67137
91260
71162
93817
82257
203
24317
29945
44530
36804
61037
63672
85837
87675
11832
91009
72087
19655
34053
23856
30188
93558
60580
27876
63554
67411
3017
37785
6661
33380
98455
25503
41656
96339
76550
6647
76091
55452
35310
18407
36352
19890
65682
53224
95672
89554
94883
7756
33951
9800
40898
15017
8130
93371
86435
15146
65826
89689
6621
17953
75123
16973
99760
2101
9032
35831
48614
68514
40430
1556
55837
61603
56864
77636
28167
60668
17595
69786
11317
6597
85050
43686
2595
31534
38422
23373
67308
27386
87971
33873
71413
38849
65382
14199
62198
21694
61106
78403
40673
78903
98197
26313
76105
78288
20361
96739
38911
38644
70822
20783
5546
59942
50062
13748
70564
21039
9312
37446
27315
89913
51299
43467
91292
61416
98633
55701
11917
53561
16168
96931
69330
35937
44019
24812
97576
69761
64448
92892
41559
68700
16091
74851
63754
78555
78222
77481
7191
8138
56199
98868
10141
90466
96380
80389
65867
60056
3292
49750
95950
6125
49202
66013
19189
2191
16593
59003
46887
7148
94516
60689
46522
95015
54075
71943
2853
86598
36729
56129
52205
91350
83807
43117
85373
86198
1325
73139
29800
80082
1523
81697
25858
69658
3704
64277
17513
11818
48672
2978
39900
8760
77124
96558
28249
22839
44427
87256
30677
30251
577
90607
56180
66819
13008
7236
11095
12902
17281
76074
76549
4711
72346
54056
13057
30356
22180
55017
9894
43890
83603
68532
7798
36185
26722
10103
95879
80792
34747
53880
92257
30096
77769
51032
64150
38626
99640
60760
96818
83005
17084
9855
33250
72391
30965
69512
98094
46449
39235
36958
51674
71667
64937
40041
79093
49280
19198
95039
97931
59877
87985
96793
44572
61984
81437
69539
62509
59832
2447
10387
68051
64046
21029
24604
21052
10826
16104
7012
54313
40492
53366
22031
14450
39759
81539
30464
30966
49018
35823
20035
34537
15835
63030
3448
3074
1711
90449
58308
41556
81051
43165
68978
9778
73295
74784
53861
68044
95683
83091
91913
50093
60201
3229
42981
8992
23071
10695
10527
66072
50524
48789
58036
39251
36336
73404
4522
44905
72547
1585
35758
95551
98231
29545
51865
42782
38024
827
90610
72213
94671
78448
73442
72854
11621
23072
8959
35495
96070
70081
26797
13876
35565
286
93974
13632
34603
64327
36938
78510
57307
2081
77976
558
74022
32487
82441
96771
42324
68856
53447
37910
36328
66012
69957
63550
271
82007
93835
96987
98826
20027
70135
91339
92807
44092
21180
64701
31404
31386
77238
21223
15170
58222
57155
41386
26978
68493
12880
11834
57806
70812
97342
86186
25477
2569
15419
77010
9167
77424
65160
38185
43289
53531
16777
92807
66072
77203
58918
87133
86947
21065
30156
90557
29158
81317
80640
27845
67203
65503
42662
85738
11459
75252
17205
16288
14002
41778
5770
26134
82531
59730
41152
50562
93444
77931
89638
88636
9031
34550
61702
6728
35345
75774
59011
58786
876
65244
39320
17425
23265
28217
18672
18237
30130
79838
44478
90312
42055
36797
62685
50482
64490
7176
69823
39026
39166
38253
87666
91932
79367
84460
91725
75013
71948
69908
43448
96456
38170
70136
21108
40611
21878
73141
13381
32384
71249
58716
30498
13773
2316
9028
79314
7683
3830
28794
11623
10067
32350
53919
53226
47775
45788
66571
31190
65381
7895
26091
27043
41497
21243
8967
47044
5905
94178
40740
74136
1658
27015
2418
39895
39958
93399
6683
2561
8531
10078
22423
2086
71671
79931
17116
81139
17332
23413
51365
49473
8040
54597
76194
83267
47624
79659
23648
94660
1926
1918
44539
67989
94617
28234
27129
72663
1403
63013
77456
11547
52486
86014
30243
36363
77930
25419
2696
24299
29582
73493
27840
59306
50434
8553
35765
62159
29951
56572
60686
88943
67025
82266
4058
97706
15492
94984
43099
60105
51313
26835
32186
70538
822
93578
9940
60529
58788
95653
99448
16024
66066
98256
88553
33301
73704
80610
33668
51271
88520
8066
82038
90563
93203
71915
15581
73442
27097
67953
43689
14579
78939
54344
80325
72138
24855
6795
28427
207
52662
42083
99330
72924
22195
64313
71774
10525
83799
24883
41656
64934
87176
78501
80566
82884
52290
76116
78914
78082
29473
95081
88361
28660
15495
72088
76823
59885
30111
33280
4219
68310
69613
29381
7198
38557
78536
31637
10454
2733
56877
51321
44261
51733
19709
60570
99520
75098
11592
29076
97916
3277
35581
88749
1487
71326
53948
76275
58543
46202
29029
36710
15478
35536
81793
36378
80549
18036
82320
98443
14786
56564
78953
97851
42050
66571
69142
61954
1620
70891
28632
42582
7175
78421
75324
30726
72298
72286
88976
61255
31501
22424
44248
4408
61829
71218
89706
73216
31151
82944
41101
17655
57212
30644
15619
81515
8330
9349
37337
81755
85908
74830
15683
39748
91632
12151
58415
7041
89039
40798
95311
80962
3606
25162
14833
58774
4407
95774
385
86582
59904
68530
92246
26703
10164
82727
56865
92465
86630
56676
4211
14299
98950
82631
18754
1241
81995
71545
28323
12695
79501
88301
22680
55719
80821
90679
99394
82448
59942
50320
19807
7683
20641
23863
51478
7168
10393
55349
41837
40415
5149
67180
1822
37256
99174
2658
13975
52212
5404
37944
63579
69428
56671
35786
15891
54489
30795
51332
9810
35570
5800
11131
50283
12073
89212
27068
6355
61908
33474
26271
64538
89496
26739
24814
45334
22553
53932
79426
55475
99622
51676
19625
6739
48614
63126
43041
37518
39382
14865
74526
60283
3206
21921
98690
26774
89798
3269
7645
43473
53228
80408
93521
7050
94484
44868
74438
72769
95203
15338
5513
98795
9859
89829
28219
17790
50673
68600
83965
52335
3774
36322
4207
52
7551
78740
63301
10521
40075
6837
37523
3739
78039
29849
95839
1896
26977
12657
11670
78393
12818
47255
83041
51282
21840
19673
16858
21510
33822
15934
4708
38259
64531
23192
6348
89662
68658
38989
88496
61620
13233
12538
24599
34669
10074
60841
13529
74444
74658
54845
50780
63497
92878
74121
51943
88512
26957
92154
85951
18090
17158
34949
37879
62692
70309
89667
63573
65037
88782
12878
66817
58800
68253
19792
76634
93172
97236
2216
94991
867
81067
2717
25012
18596
39369
68902
78861
63796
44696
45090
49698
95700
5218
42308
52471
52848
66549
75880
76619
5390
49673
14427
34932
13947
43029
36080
48909
24304
66201
66543
88520
83931
63863
83250
71373
52190
8948
86996
27497
39631
5223
82695
81998
96615
3421
51579
69814
71599
28061
46397
77606
44717
63487
92664
84227
34990
10879
16697
61167
47755
50898
4399
7125
79767
9777
39573
98500
74794
92639
9605
77869
20883
74823
39819
40700
97838
37749
37848
15084
25682
37589
14848
59349
67493
11434
64187
31870
29772
38828
34195
44449
85355
95172
74662
25383
16899
72407
45707
49202
95740
97896
31356
89454
12397
39433
7945
50677
17043
79945
46491
77693
69374
40403
74700
9748
44677
61738
44644
15024
21057
55070
23773
89404
51776
40143
55925
81877
13516
77917
93758
83551
87502
55970
31603
8562
21947
57040
40598
90498
5328
92048
69771
62799
71125
74017
26464
54477
11261
755
95146
90330
33047
42743
51639
63451
33207
74083
30365
72123
84827
81835
46386
45294
53652
19823
27609
50930
11380
1157
26390
41652
36427
19317
32885
74991
4268
32495
64209
92345
23337
75257
87827
49935
3917
69173
84391
11721
26521
80732
40817
96455
51144
32863
46799
34840
77609
64872
53136
10194
48092
76748
6430
21448
63781
66416
33791
35201
61609
43023
85798
1155
45503
92540
32380
35353
24047
39401
60253
38522
83960
40301
37263
98261
33324
21170
29052
35467
11003
71507
38135
36103
62688
80601
44881
94865
16791
45782
19629
69799
82543
89278
20177
77899
5399
42301
90289
10607
99840
96863
73054
36786
30827
41914
7563
94757
91140
21158
23573
45519
81080
28082
50697
68874
97858
9970
90094
46520
22114
62566
83990
28597
61988
62412
71046
16968
85771
47724
95251
35656
24204
84031
46672
84983
12521
34131
7203
19817
81907
52680
91844
75558
11488
21459
39602
17466
69674
35726
85834
26293
66598
61814
47947
91555
17111
22305
89491
7808
76202
62383
23715
12958
55417
80283
40912
61426
8692
31735
39767
70392
14225
65585
87572
9137
57415
65599
31641
57173
82776
80943
70033
10093
31569
52730
10764
12938
42669
40238
91073
17742
18659
98222
1251
81678
74400
33595
12210
4991
18140
82867
50853
49820
83224
3844
59227
99131
28485
15197
62136
13967
93055
93716
80563
58249
28617
17029
97262
76376
60938
10259
19095
15690
5767
79196
44081
40317
94945
41323
48621
32270
87372
10813
39225
1590
90716
83101
86558
6746
48066
34624
32376
2297
29671
86447
29900
61536
42352
22653
7953
6786
60153
69964
10303
66192
56869
64165
58660
55715
27198
34586
54092
14668
23228
51538
13044
71565
6510
7327
56935
25580
10155
80080
61951
51803
38877
43633
15080
33091
8753
41829
92731
36209
77163
91095
76797
91263
56436
15468
66188
16520
45955
41142
93572
23346
17295
22356
18510
42911
16584
36174
69640
93134
78722
4100
36641
83040
97828
73216
17200
44634
45499
34133
54649
22005
36680
2570
57504
28920
49742
52742
65999
47598
8012
34030
20511
96825
71839
51677
6878
50799
40795
75560
3398
13946
63027
17423
5261
64547
24456
99736
83423
56935
56173
70149
15695
21661
51027
91068
86172
54617
51733
63626
14135
40073
63367
92735
12239
62990
36829
97080
95834
75091
13433
10947
19312
99164
48274
67081
35501
49866
29748
22971
51251
79667
55737
50064
5169
67081
67075
96272
57736
39409
21554
4212
6686
23197
38522
45808
94786
73482
2660
90671
97975
75227
49964
53996
43004
76056
294
26710
22879
18293
44520
30009
61209
40625
98307
48227
43295
71842
99989
75743
75384
54564
18938
56647
2845
74880
60871
64870
47694
88489
41477
48595
992
27680
52009
28402
97682
57242
78040
39732
85934
90009
77853
814
43600
68400
44945
72961
5167
43585
83697
65232
71781
63212
23793
43679
46163
7698
80270
81067
52650
82384
96694
82442
77943
46235
94502
18206
49301
93763
51972
95424
45353
46362
52545
13554
98872
46903
6422
10280
37111
75491
44769
67694
3546
80160
23045
60485
38046
45799
23129
64060
81817
97237
25789
88530
75228
62172
32316
43225
11324
588
52465
15444
92859
90796
81019
6619
68313
41159
21661
25641
26946
35126
20889
31205
91500
9329
95855
10253
62551
