81
119
334
374
574
580
683
810
820
923
947
996
1081
1089
1158
1209
1210
1264
1448
1453
1509
1543
1696
1697
1918
1925
1985
2009
2115
2119
2223
2283
2317
2385
2420
2433
2516
2587
2671
2683
3001
3072
3168
3414
3524
3644
3683
3712
3776
4005
4073
4337
4456
4459
4741
4904
4960
5196
5234
5279
5361
5491
5535
5781
5910
5926
5993
6115
6595
6603
6815
7080
7170
7185
7215
7307
7373
7611
7635
7942
8046
8253
8308
8613
8617
8625
8728
8753
8766
8838
8841
8844
8872
9098
9426
9426
9494
9654
9797
9839
9862
9920
9960
10116
10128
10192
10417
10549
10564
10768
10939
10956
11047
11243
11330
11346
11429
11445
11691
12081
12281
12414
12442
12574
12990
13010
13141
13265
13431
13440
13563
13835
13931
13939
14189
14252
14464
14511
14541
14727
15113
15113
15169
15295
15488
15508
15532
15748
15895
16108
16176
16181
16254
16310
16670
16763
16817
16848
16959
16962
17033
17167
17178
17279
17477
17503
17575
17778
17877
17928
17930
17970
18044
18179
18587
18803
18876
19112
19142
19500
19531
19545
19546
19722
19813
19844
20607
20704
20821
20888
20990
21090
21302
21624
21651
21745
21862
21893
21925
22127
22139
22187
22512
22559
22585
22690
22695
22847
22940
23014
23095
23124
23226
23286
23332
23408
23454
23473
23495
23526
23608
23776
23905
23948
23999
24041
24147
24327
24365
24743
24891
24923
24927
24959
25163
25188
25358
25367
25429
25672
25794
25853
26095
26152
26202
26260
26343
26382
26526
26563
26604
26899
26905
27133
27222
27240
27280
27717
27914
27991
28032
28124
28490
28800
28890
29063
29073
29123
29148
29181
29277
29340
29539
29619
29621
29633
29705
29985
30000
30107
30206
30221
30368
30398
30408
30417
30421
30428
30514
30687
30967
30980
31012
31133
31194
31246
31324
31391
31445
31461
31467
31486
31524
31741
32002
32370
32421
32466
32599
32599
32788
33039
33160
33353
33424
33448
33506
33659
33756
33779
33893
33925
33954
34032
34041
34103
34248
34508
34587
34612
34680
34794
35047
35132
35256
35304
35343
35369
35426
35484
35769
35781
35944
35978
36059
36174
36249
36352
36804
36907
36973
37012
37180
37630
37659
37659
37750
37785
37824
37860
37877
37922
38052
38066
38245
38342
38381
38414
38453
38651
38781
38876
39051
39247
39370
39387
39394
39429
39492
39539
39649
39663
39821
39965
39986
40267
40319
40445
40696
40799
40819
40895
40901
41110
41295
41308
41362
41413
41419
41489
41787
41819
41829
41835
41861
41863
41904
42061
42107
42248
42309
42489
42520
42524
42545
42549
42652
42845
42864
42894
42985
43184
43223
43265
43276
43491
43496
43616
43775
43807
43829
43841
43849
43927
44045
44218
44460
44687
44725
44891
44918
45126
45164
45348
45370
45432
45489
45574
45829
45996
46201
46533
46624
46656
46713
46798
46854
46900
46977
46998
47014
47074
47095
47167
47211
47221
47251
47411
47529
47824
48054
48087
48103
48117
48201
48255
48260
48357
48390
48658
48670
48782
48796
48856
48905
49171
49307
49477
49740
49807
49845
49948
49980
50007
50046
50242
50385
50554
50585
50742
50847
50876
51333
51344
51476
51527
51552
51622
51659
51679
52095
52213
52289
52400
52642
52642
52788
52939
52997
53185
53221
53245
53283
53330
53399
53514
53620
53683
54011
54147
54290
54309
54328
54347
54538
54782
55109
55157
55179
55183
55242
55616
55781
55817
55897
56035
56054
56153
56252
56258
56376
56418
56507
56522
56834
56871
56923
57033
57267
57356
57423
57519
57703
57714
57720
57724
57753
57869
57881
58061
58112
58201
58216
58259
58271
58317
58384
58415
58687
58735
58849
58891
58971
59103
59123
59234
59286
59304
59498
59799
59839
59896
59908
60059
60283
60462
60471
60634
60698
60758
60783
60916
61161
61374
61498
61514
61532
61644
61693
61718
61869
61894
61965
62011
62239
62253
62324
62338
62522
62546
62593
62668
62674
62928
63360
63393
63445
63494
63558
63884
64175
64227
64438
64448
64488
64500
64513
64550
64602
64674
65076
65144
65167
65171
65175
65299
65401
65423
65598
65604
65730
65738
65751
65951
66083
66110
66357
66632
66745
66828
66928
67005
67112
67132
67304
67344
67388
67690
67766
67778
67850
67954
68011
68183
68238
68365
68472
68536
68583
68585
68618
68644
68758
68773
68790
68808
68875
69004
69338
69478
69614
69617
69755
69820
70001
70147
70160
70292
70341
70485
70526
70529
70551
70559
70597
70606
70655
70790
70860
70896
71237
71281
71313
71426
71432
71481
71500
71516
71587
71821
71872
71954
72064
72227
72234
72364
72421
72432
72606
72773
72819
72837
72844
72926
73052
73136
73201
73304
73327
73498
73573
73623
73681
73953
74094
74124
74249
74641
74667
74677
75027
75033
75209
75430
75600
75650
75682
75683
75722
76036
76040
76157
76262
76267
76276
76313
76751
76777
76968
77017
77022
77137
77227
77436
77633
77708
77819
77888
78058
78061
78123
78223
78284
78406
78462
78536
78542
78562
78644
78661
78682
78688
78848
78896
78932
78954
79089
79098
79248
79417
79509
79651
79817
79902
79971
80280
80338
80463
80515
80523
80535
80550
80703
80830
80900
80922
81124
81167
81175
81252
81291
81482
81590
81706
81725
81728
81762
81873
81903
81983
82222
82331
82348
82632
82759
82813
83229
83291
83340
83340
83427
83596
83773
83949
84013
84084
84161
84311
84388
84397
84422
84441
84505
84575
84620
84773
84827
84979
84989
85263
85315
85390
85500
85858
85926
86033
86034
86065
86154
86210
86391
86540
86618
86704
86713
86796
86964
86964
87016
87345
87482
87616
87618
87756
87763
87770
87871
87963
88039
88117
88370
88435
88495
88526
88651
88713
88759
88768
88781
88796
88808
89054
89103
89156
89425
89601
89730
89778
89835
90016
90069
90095
90166
90376
90766
90940
90991
91018
91027
91089
91158
91227
91297
91416
91487
91524
91647
91868
91989
92017
92251
92420
92575
92649
92761
92787
92864
92989
93571
93657
93704
93762
93795
93860
93866
93902
93973
94185
94556
94557
94560
94579
94613
94699
95227
95390
95412
95422
95521
95738
95792
95827
95871
95885
96716
96762
96810
96996
97113
97166
97180
97284
97452
97577
97592
97592
97727
97729
97735
97810
98140
98219
98228
98339
98475
98609
98761
98804
98835
98923
98928
99011
99363
99554
99564
99618
99776
99872
99965
99982
