68585
89425
56834
32599
4005
59839
50585
91158
79509
43775
65423
95885
17877
56522
95227
16108
334
42845
60634
79248
17930
53620
99618
80830
84397
50876
26563
2009
86796
59908
4337
77888
80523
52289
29705
9426
60283
68618
49740
43829
8844
89778
78644
3776
14727
76262
4456
51527
19500
56871
71500
29619
83229
84773
49845
96810
52213
5535
72421
49477
76276
68773
374
26152
68238
12574
72364
81983
37659
47167
95827
65751
70341
77227
66828
91089
30398
68758
13939
91227
70485
94560
83340
87963
43265
88796
31246
78682
58849
22585
48905
53185
51622
38052
43616
75033
73573
42107
5234
56923
80922
99363
39247
50007
2587
93860
32788
58271
72227
79971
47211
81873
15895
82222
78848
67304
60916
64448
30428
48856
71281
89601
45432
78406
12281
2433
38781
580
29621
59286
24959
65730
67954
51679
40696
48087
31461
97452
40895
56418
15113
67132
66745
32370
13563
97577
88781
26260
23124
119
98928
65738
91868
43276
21893
24923
32421
80900
48117
87871
16176
75027
87756
31133
54328
71587
53399
3414
79902
99982
73304
88526
4459
31486
34103
46656
96716
88808
58735
71237
86713
947
23776
36973
9098
21651
77819
51552
68536
84575
24041
86964
42985
97592
30206
19546
39649
36352
44891
65144
83340
20704
55109
61161
35944
574
16763
17167
84084
12442
97180
57714
1453
34041
81903
21745
98835
44218
16959
47251
6603
64513
11445
32599
83291
30417
996
923
96762
50742
15748
15488
85263
74641
36174
78896
60462
45489
86034
11047
45996
63393
46624
55817
29073
65076
94557
18044
92864
23905
52642
88651
49948
84441
26604
53283
92989
5910
38876
29277
8625
28800
42489
41295
42894
32466
46713
63494
33659
52400
9426
9654
48670
31524
85500
95871
28490
90376
25358
35769
10417
17575
16181
23408
30514
17477
89054
820
89156
62253
92017
52095
29063
5196
30107
76751
18803
23999
72064
52788
17033
38342
61644
58259
62011
26343
3168
48782
75683
82759
11346
68183
5993
45164
52997
34680
1209
97810
69755
23526
25794
51344
58317
61514
26095
65175
99011
3524
35484
22512
68644
48201
65167
87770
70160
74667
75430
16848
43491
47529
66083
42864
35426
70559
20990
1448
71516
22127
80703
36907
57720
42248
58891
71954
39387
12990
1158
2420
86033
22847
34612
3001
70790
40901
99776
86704
18587
17279
23332
38453
95412
38381
37750
41835
42309
67388
91297
84311
43807
38651
76036
80515
50385
33353
77137
88039
16310
1210
4741
34248
8841
84013
29148
67690
33424
86964
5279
62593
93973
88435
65951
4904
67850
2223
77436
26202
64602
87016
42061
48103
67344
77017
74124
16254
91989
33506
90166
72819
27717
29539
25672
15295
44460
46798
50554
8728
61965
58971
87345
65299
30368
29633
87618
55157
39986
44725
43223
19545
64550
16962
75650
76267
35256
84620
73136
54147
73953
15532
65598
77633
68875
24891
56153
18876
9960
34032
72606
90069
68011
40267
30221
2317
67778
72837
32002
13431
16670
63884
80280
98804
17178
12081
54011
62338
95422
55183
95792
50242
22139
95738
83949
9494
1985
82331
35304
63445
72926
45829
7080
1696
47411
81706
4073
45370
37877
95521
89730
71481
21624
34587
47095
9839
40319
683
78661
55242
57724
30967
37922
72773
12414
60471
59123
49171
97592
82348
98339
93795
26905
13010
5781
58061
7307
47824
58201
90095
25429
60059
98219
64227
63558
82632
70526
57703
97729
53683
22940
40445
86540
70529
61894
42524
47221
99872
76968
87763
72844
1543
92251
41489
27991
86210
83596
79417
14511
91018
51476
69478
54309
25163
73052
74249
51659
13265
48357
56054
11243
6815
68808
35369
25188
64674
92575
54782
84161
62668
82813
25367
30980
73201
9797
39370
48796
93704
46900
2385
41863
42520
16817
1264
22695
1697
22187
51333
41819
11429
27914
17503
78932
81124
30408
1509
59896
88117
81291
78562
33954
48255
70147
14464
27133
33779
55616
93902
13835
10116
83773
33893
25853
92420
61374
75682
80550
20888
45126
14189
70551
39492
81762
58216
70896
8753
85315
81
33756
54538
91647
53514
36804
17778
39394
89835
86618
72234
810
98140
98923
58415
23948
19722
28890
61869
78536
69338
85926
68365
37180
2283
86391
24147
37012
9920
64500
35978
76157
71426
7942
85858
64438
91027
67766
2516
94613
26526
41413
45348
94556
39539
81728
81482
2119
75600
1918
6595
67112
92761
1925
49980
34508
73681
8308
70292
15113
10549
56258
80463
46998
31194
65604
54290
64488
57267
61718
91524
23608
99965
93762
83427
69820
69004
81175
19844
3683
61498
24365
21090
22559
30000
38245
41787
8613
88495
5491
7215
33039
80338
13440
84979
98609
62324
65401
59103
97113
87616
66357
39965
78123
7611
10768
30687
68790
98228
24327
31741
2115
71821
61532
34794
77708
54347
79651
27240
23226
26899
78542
90016
57423
97727
49307
55179
75722
26382
90766
15169
81252
48390
30421
39051
46533
88713
37785
5926
84827
14541
68472
76040
44687
19813
23473
40819
63360
62674
38414
70655
42652
58687
46201
60758
59498
27280
23286
79817
50046
23095
29123
10564
33160
78223
33925
90991
92649
35132
8838
35343
28124
2671
97166
86065
57519
33448
41308
53330
53245
13931
98475
19142
56252
58384
10956
65171
44045
31012
69617
40799
41110
1089
96996
61693
89103
57869
74094
15508
17970
79089
78284
81725
78954
94699
29181
8046
39663
3644
48260
52939
31467
7373
38066
95390
29340
99564
23454
78061
39429
91416
56507
18179
4960
73623
66928
48658
88759
31324
8617
76313
6115
94579
75209
37659
84422
60783
87482
86154
59234
84505
3072
8766
67005
44918
80535
57033
78462
20821
77022
45574
14252
92787
36059
68583
49807
47014
41829
31445
84388
71872
57753
2683
94185
88370
13141
47074
56376
97284
11330
59799
52642
58112
41861
79098
17928
10192
69614
5361
81167
66110
93866
91487
42549
10128
57881
62546
19112
70597
37630
97735
99554
70860
43496
70001
28032
74677
23495
41362
11691
43841
21862
41419
81590
78688
50847
7170
35047
55781
9862
98761
41904
62239
31391
42545
64175
10939
27222
73327
7635
24743
39821
76777
70606
46977
7185
21925
88768
62928
43927
20607
56035
73498
43184
90940
48054
24927
21302
23014
72432
60698
36249
1081
84989
62522
55897
37860
35781
43849
8872
29985
37824
71432
8253
59304
53221
93571
46854
3712
57356
85390
71313
19531
22690
66632
93657
78058
