17
25
30
36
37
41
55
80
100
101
134
135
138
155
155
157
167
170
172
175
186
191
191
206
206
210
215
233
241
281
288
289
293
294
295
304
313
316
329
338
366
374
374
380
385
397
426
444
464
466
472
481
482
484
489
492
497
498
500
522
525
525
529
537
560
581
593
601
602
644
656
662
662
691
692
692
709
711
712
718
720
735
742
746
751
759
789
798
813
818
822
828
828
843
848
861
864
892
905
913
917
929
935
938
939
944
948
949
956
976
1010
1025
1026
1041
1048
1077
1077
1102
1110
1150
1152
1155
1162
1177
1186
1209
1210
1217
1221
1234
1243
1252
1260
1261
1270
1272
1274
1277
1282
1283
1284
1287
1294
1308
1316
1349
1352
1362
1385
1387
1389
1422
1435
1438
1440
1446
1500
1509
1522
1523
1530
1551
1554
1589
1589
1601
1630
1639
1640
1645
1646
1651
1654
1659
1662
1663
1668
1674
1674
1682
1717
1738
1742
1745
1752
1752
1756
1760
1766
1792
1809
1812
1832
1849
1867
1878
1898
1904
1910
1913
1920
1940
1987
1989
1991
1999
2009
2010
2014
2017
2032
2040
2048
2050
2058
2077
2080
2083
2087
2090
2102
2102
2114
2132
2136
2173
2177
2181
2193
2194
2207
2219
2221
2230
2233
2239
2245
2248
2251
2256
2276
2284
2306
2325
2326
2330
2332
2348
2350
2370
2391
2396
2411
2436
2442
2467
2472
2492
2503
2510
2524
2552
2552
2565
2567
2570
2577
2610
2616
2617
2630
2637
2646
2663
2671
2675
2689
2702
2721
2725
2733
2740
2744
2744
2746
2755
2757
2761
2767
2776
2792
2802
2808
2830
2834
2836
2836
2836
2842
2844
2850
2863
2873
2881
2882
2905
2909
2918
2930
2941
2941
2947
2954
2961
2963
2965
2966
2999
3000
3011
3057
3079
3080
3086
3091
3094
3110
3114
3146
3153
3185
3188
3194
3202
3209
3216
3219
3232
3235
3242
3255
3285
3296
3300
3311
3360
3362
3368
3370
3373
3385
3394
3398
3408
3408
3413
3430
3432
3461
3461
3481
3482
3486
3508
3518
3523
3544
3554
3558
3559
3563
3586
3592
3629
3632
3665
3676
3720
3723
3735
3749
3757
3757
3760
3767
3771
3783
3784
3805
3847
3852
3865
3888
3890
3905
3913
3914
3951
3952
3952
3960
3963
3969
3969
3991
3992
4005
4008
4020
4025
4036
4068
4073
4079
4085
4086
4111
4113
4117
4128
4141
4143
4145
4154
4170
4171
4197
4212
4213
4231
4238
4243
4271
4281
4289
4293
4312
4313
4332
4338
4349
4372
4387
4391
4400
4405
4424
4430
4440
4458
4472
4506
4512
4513
4557
4563
4564
4578
4582
4596
4602
4604
4617
4625
4629
4638
4659
4669
4677
4677
4678
4681
4696
4702
4705
4707
4708
4731
4734
4736
4747
4754
4760
4774
4787
4790
4806
4817
4818
4838
4846
4863
4864
4866
4870
4898
4901
4908
4927
4931
4971
4972
4987
4997
5002
5005
5022
5049
5050
5069
5069
5081
5085
5096
5105
5108
5109
5119
5130
5132
5138
5158
5173
5183
5205
5211
5227
5229
5236
5243
5259
5262
5283
5302
5310
5314
5322
5328
5329
5331
5357
5361
5380
5394
5398
5425
5431
5457
5467
5484
5492
5496
5499
5505
5506
5511
5521
5530
5555
5582
5588
5596
5611
5620
5623
5640
5642
5643
5650
5688
5691
5697
5698
5704
5743
5766
5768
5796
5808
5845
5858
5860
5873
5877
5880
5896
5898
5900
5901
5920
5945
5971
5975
5976
5984
5985
5985
5992
6005
6012
6020
6022
6035
6040
6068
6087
6090
6102
6103
6108
6121
6122
6148
6148
6148
6154
6158
6158
6162
6173
6179
6187
6198
6204
6236
6237
6238
6249
6254
6262
6267
6301
6308
6312
6325
6350
6357
6367
6370
6377
6377
6385
6393
6394
6406
6413
6415
6430
6435
6444
6465
6475
6476
6481
6488
6491
6535
6536
6539
6540
6561
6561
6568
6573
6583
6583
6592
6621
6646
6648
6668
6679
6681
6685
6728
6736
6739
6743
6745
6778
6782
6802
6812
6818
6831
6831
6849
6860
6861
6866
6876
6884
6892
6926
6937
6942
6955
6957
6958
6961
6967
6997
7008
7016
7017
7017
7052
7062
7092
7104
7107
7107
7147
7157
7175
7184
7184
7197
7198
7231
7247
7255
7258
7260
7262
7268
7279
7280
7286
7291
7296
7325
7327
7331
7335
7352
7377
7379
7391
7417
7429
7430
7440
7444
7446
7452
7460
7464
7466
7480
7530
7546
7547
7557
7586
7605
7611
7614
7615
7637
7654
7665
7673
7702
7717
7719
7724
7753
7756
7780
7797
7856
7859
7864
7874
7894
7908
7924
7927
7930
7933
7933
7981
7992
8025
8028
8038
8039
8040
8052
8057
8061
8068
8071
8080
8083
8102
8110
8131
8141
8143
8144
8174
8180
8203
8206
8209
8213
8214
8215
8237
8238
8240
8243
8245
8250
8260
8260
8270
8272
8293
8299
8300
8330
8341
8346
8350
8365
8368
8372
8373
8391
8413
8416
8444
8460
8464
8464
8475
8479
8483
8508
8509
8516
8540
8546
8551
8553
8569
8581
8606
8616
8625
8629
8640
8647
8648
8672
8674
8703
8703
8705
8744
8762
8766
8772
8777
8781
8790
8792
8793
8800
8813
8823
8828
8833
8834
8837
8847
8867
8897
8907
8925
8927
8935
8946
8992
9003
9015
9022
9024
9034
9039
9045
9069
9083
9091
9096
9102
9111
9138
9138
9156
9162
9165
9187
9193
9205
9205
9206
9236
9236
9254
9255
9257
9259
9263
9268
9274
9278
9293
9297
9305
9314
9322
9323
9323
9326
9327
9332
9348
9359
9365
9369
9377
9384
9386
9412
9422
9423
9434
9441
9452
9454
9472
9475
9494
9497
9511
9525
9534
9550
9556
9575
9589
9592
9595
9606
9626
9627
9635
9643
9658
9664
9670
9681
9683
9683
9684
9692
9700
9702
9703
9703
9708
9724
9726
9752
9757
9763
9768
9768
9773
9773
9774
9775
9809
9811
9813
9820
9826
9828
9828
9835
9839
9843
9856
9857
9866
9866
9875
9891
9907
9911
9924
9928
9930
9939
9952
9965
9965
9971
9974
9977
9980
9997
10012
10040
10048
10059
10061
10068
10071
10073
10077
10091
10105
10133
10138
10168
10169
10171
10179
10185
10191
10206
10206
10208
10218
10230
10234
10246
10289
10290
10295
10300
10325
10328
10335
10337
10338
10339
10346
10390
10396
10397
10398
10417
10432
10433
10454
10461
10474
10475
10477
10483
10485
10485
10496
10538
10558
10567
10587
10597
10602
10607
10608
10610
10624
10640
10640
10650
10662
10668
10679
10695
10698
10703
10708
10768
10799
10807
10821
10830
10840
10840
10840
10847
10860
10869
10877
10895
10913
10925
10930
10931
10932
10944
10948
10954
10961
11005
11030
11035
11040
11042
11055
11062
11088
11105
11110
11121
11126
11129
11165
11169
11192
11193
11193
11198
11212
11217
11221
11229
11229
11233
11235
11236
11243
11244
11245
11270
11284
11294
11331
11344
11352
11361
11362
11382
11403
11403
11417
11434
11435
11437
11445
11455
11459
11467
11469
11476
11488
11489
11501
11528
11536
11545
11548
11550
11552
11554
11566
11567
11579
11589
11598
11605
11611
11615
11618
11636
11652
11666
11686
11693
11707
11720
11739
11768
11768
11769
11784
11788
11795
11808
11811
11812
11816
11820
11844
11864
11870
11890
11893
11953
11959
11969
11973
11981
12008
12009
12019
12019
12028
12045
12045
12053
12056
12096
12099
12131
12177
12181
12204
12232
12248
12270
12271
12312
12321
12324
12331
12333
12351
12352
12362
12372
12390
12401
12419
12420
12424
12441
12444
12452
12454
12462
12467
12468
12475
12480
12490
12501
12506
12509
12518
12547
12553
12556
12570
12583
12585
12619
12624
12625
12626
12628
12631
12634
12646
12668
12693
12709
12722
12725
12750
12760
12770
12787
12797
12810
12841
12843
12861
12863
12866
12878
12878
12882
12883
12889
12907
12908
12950
12962
12980
12982
12983
12988
13001
13015
13015
13039
13091
13108
13109
13118
13135
13150
13159
13161
13164
13165
13174
13186
13217
13229
13230
13239
13244
13271
13275
13279
13284
13286
13296
13298
13313
13339
13341
13363
13375
13392
13402
13405
13409
13412
13413
13417
13424
13425
13435
13440
13444
13470
13477
13478
13482
13497
13522
13533
13542
13544
13568
13569
13569
13571
13574
13582
13630
13667
13668
13679
13683
13685
13687
13694
13704
13711
13722
13745
13750
13757
13757
13774
13804
13811
13820
13820
13836
13840
13860
13861
13864
13868
13871
13881
13881
13884
13894
13896
13900
13922
13929
13940
13956
13958
13967
13976
13978
13994
13996
14029
14036
14041
14045
14059
14095
14100
14105
14113
14138
14154
14176
14195
14214
14235
14238
14240
14259
14261
14263
14269
14280
14283
14321
14321
14359
14363
14365
14372
14381
14392
14402
14411
14412
14413
14415
14417
14420
14424
14431
14446
14448
14451
14454
14469
14482
14485
14494
14500
14503
14505
14516
14554
14562
14570
14581
14585
14587
14600
14603
14604
14607
14610
14614
14617
14638
14659
14668
14670
14676
14688
14689
14716
14741
14750
14761
14763
14764
14777
14777
14827
14835
14839
14844
14852
14853
14864
14870
14878
14884
14892
14896
14918
14919
14920
14936
14949
14954
14957
14962
14986
14990
14994
15001
15006
15022
15024
15033
15039
15062
15088
15089
15093
15099
15102
15115
15124
15140
15145
15145
15147
15148
15162
15163
15198
15199
15207
15227
15247
15253
15284
15299
15304
15309
15322
15325
15346
15352
15373
15373
15374
15376
15376
15411
15412
15416
15419
15451
15479
15499
15510
15516
15518
15561
15578
15583
15590
15591
15618
15629
15630
15651
15688
15721
15727
15732
15735
15737
15757
15769
15771
15774
15776
15783
15786
15796
15803
15827
15836
15843
15843
15854
15855
15858
15860
15870
15871
15879
15879
15884
15884
15890
15894
15924
15925
15925
15929
15936
15936
15947
15951
15992
15998
16004
16012
16022
16030
16033
16073
16082
16092
16096
16105
16120
16157
16189
16203
16203
16211
16219
16235
16240
16240
16253
16259
16266
16268
16270
16277
16289
16290
16291
16295
16299
16302
16307
16308
16314
16315
16341
16405
16405
16408
16422
16424
16424
16428
16439
16471
16476
16482
16496
16519
16520
16523
16524
16525
16539
16586
16588
16592
16608
16610
16619
16624
16630
16634
16638
16648
16655
16657
16663
16665
16680
16686
16698
16721
16721
16750
16752
16754
16762
16762
16769
16769
16770
16771
16780
16782
16783
16809
16828
16863
16870
16875
16887
16890
16893
16894
16909
16920
16921
16928
16950
16976
17009
17014
17014
17034
17049
17052
17053
17064
17075
17090
17092
17126
17179
17179
17191
17223
17239
17249
17256
17260
17260
17281
17283
17312
17313
17328
17333
17359
17363
17371
17371
17376
17377
17380
17387
17400
17402
17415
17417
17422
17427
17432
17432
17436
17437
17439
17451
17452
17453
17485
17523
17526
17534
17535
17539
17550
17564
17582
17593
17605
17610
17617
17634
17636
17650
17652
17653
17657
17664
17679
17679
17691
17696
17724
17730
17769
17795
17798
17803
17804
17818
17823
17827
17839
17846
17868
17900
17911
17929
17948
17952
17969
17999
18007
18007
18008
18012
18015
18028
18031
18034
18038
18040
18052
18053
18065
18079
18115
18116
18124
18126
18129
18154
18167
18174
18180
18234
18261
18272
18277
18280
18287
18312
18321
18336
18357
18360
18378
18385
18403
18406
18419
18421
18426
18429
18439
18457
18466
18479
18526
18526
18547
18558
18560
18565
18583
18595
18609
18616
18623
18635
18641
18644
18647
18671
18682
18706
18720
18725
18734
18736
18739
18752
18754
18757
18757
18778
18783
18804
18808
18824
18824
18825
18829
18834
18835
18843
18865
18868
18878
18878
18878
18900
18902
18903
18933
18944
18948
18981
18983
18987
18992
18999
19027
19047
19048
19052
19071
19073
19100
19125
19131
19132
19138
19144
19149
19168
19176
19212
19222
19245
19251
19252
19266
19272
19278
19282
19289
19291
19312
19321
19322
19324
19328
19329
19332
19372
19377
19379
19380
19384
19386
19389
19390
19405
19413
19420
19460
19472
19480
19488
19493
19522
19524
19530
19532
19577
19579
19591
19592
19602
19605
19618
19628
19652
19653
19656
19663
19693
19693
19720
19749
19762
19764
19780
19783
19789
19789
19790
19797
19814
19829
19845
19847
19853
19854
19868
19874
19874
19886
19887
19936
19945
19954
19959
19961
19964
19969
19986
19988
19994
19996
19996
20009
20011
20046
20049
20054
20062
20067
20091
20109
20133
20164
20166
20174
20181
20193
20212
20221
20222
20250
20252
20253
20268
20268
20270
20274
20287
20289
20306
20345
20357
20384
20385
20387
20392
20402
20403
20411
20412
20427
20450
20466
20472
20518
20522
20522
20547
20551
20564
20578
20619
20630
20641
20642
20651
20652
20659
20659
20672
20672
20672
20676
20704
20710
20716
20719
20726
20727
20743
20755
20769
20771
20776
20792
20841
20851
20856
20865
20866
20879
20897
20920
20928
20949
20954
20995
21008
21012
21014
21021
21026
21029
21038
21040
21042
21051
21051
21060
21064
21067
21075
21094
21110
21114
21122
21122
21150
21155
21182
21201
21209
21216
21218
21223
21225
21263
21267
21269
21285
21289
21292
21298
21305
21305
21305
21306
21332
21347
21354
21376
21381
21414
21422
21432
21439
21462
21462
21504
21522
21549
21560
21592
21603
21618
21632
21639
21648
21649
21654
21710
21710
21725
21727
21737
21738
21756
21767
21769
21810
21819
21826
21860
21895
21945
21985
21988
21992
22005
22039
22053
22058
22061
22062
22064
22069
22076
22081
22088
22095
22098
22104
22120
22121
22123
22129
22143
22151
22157
22165
22165
22193
22218
22237
22245
22257
22261
22276
22278
22290
22298
22303
22309
22316
22318
22319
22327
22333
22338
22370
22383
22387
22389
22393
22398
22408
22411
22417
22430
22454
22465
22479
22518
22544
22547
22554
22568
22581
22595
22606
22611
22649
22665
22669
22678
22681
22685
22692
22693
22698
22699
22702
22713
22726
22732
22742
22777
22781
22789
22791
22803
22816
22819
22859
22869
22873
22877
22877
22885
22890
22891
22892
22894
22902
22919
22921
22923
22924
22929
22932
22946
22948
22975
22981
22994
23005
23018
23026
23041
23091
23105
23120
23123
23138
23149
23151
23161
23162
23162
23171
23176
23186
23187
23188
23203
23208
23216
23227
23240
23242
23254
23268
23276
23277
23294
23305
23317
23321
23322
23347
23350
23375
23424
23435
23436
23448
23486
23493
23499
23504
23504
23512
23562
23577
23587
23591
23611
23621
23621
23622
23627
23646
23648
23648
23712
23712
23721
23730
23731
23759
23766
23768
23778
23779
23783
23793
23801
23803
23820
23823
23824
23837
23873
23894
23896
23899
23907
23907
23916
23919
23927
23931
23934
23936
23937
23938
23942
23947
23954
23982
23983
23999
24029
24031
24041
24074
24077
24085
24089
24090
24098
24102
24117
24117
24122
24126
24134
24137
24144
24152
24154
24164
24176
24188
24189
24198
24233
24244
24251
24269
24270
24275
24276
24319
24327
24340
24342
24347
24355
24355
24363
24387
24395
24401
24418
24425
24426
24440
24451
24454
24470
24478
24479
24482
24486
24512
24532
24538
24543
24550
24556
24563
24563
24568
24580
24584
24617
24620
24635
24644
24653
24671
24684
24693
24694
24701
24714
24784
24786
24795
24801
24828
24837
24839
24848
24858
24866
24869
24875
24888
24891
24914
24931
24934
24940
24950
24981
24982
24990
25004
25008
25026
25028
25031
25035
25050
25056
25104
25104
25110
25111
25113
25117
25118
25129
25146
25164
25179
25180
25183
25185
25188
25203
25234
25239
25250
25252
25262
25277
25285
25340
25343
25357
25361
25388
25391
25396
25398
25399
25422
25428
25429
25437
25456
25456
25457
25460
25468
25486
25501
25502
25519
25527
25536
25536
25538
25539
25539
25543
25552
25561
25566
25569
25583
25605
25605
25608
25628
25651
25652
25665
25675
25675
25701
25709
25710
25714
25723
25731
25748
25754
25755
25778
25779
25781
25789
25793
25795
25800
25806
25815
25819
25830
25837
25838
25846
25846
25849
25853
25858
25860
25861
25863
25864
25866
25882
25895
25910
25935
25944
25969
25969
25973
25996
25998
26007
26010
26013
26015
26019
26020
26026
26029
26031
26032
26043
26052
26068
26081
26098
26104
26112
26114
26127
26130
26132
26147
26152
26159
26166
26181
26205
26218
26224
26237
26246
26249
26250
26258
26260
26283
26336
26337
26364
26365
26375
26378
26386
26396
26403
26417
26424
26436
26437
26451
26453
26456
26473
26483
26484
26493
26523
26528
26533
26535
26537
26542
26544
26554
26557
26559
26575
26582
26584
26612
26612
26614
26625
26626
26631
26631
26633
26633
26654
26657
26669
26671
26674
26691
26697
26701
26750
26750
26753
26762
26775
26787
26803
26815
26824
26825
26827
26830
26833
26835
26845
26851
26857
26860
26873
26883
26895
26900
26910
26958
26971
26973
26983
26984
26990
26998
27000
27003
27006
27011
27017
27023
27024
27031
27032
27033
27034
27043
27043
27049
27053
27067
27087
27106
27107
27109
27120
27128
27147
27160
27167
27172
27188
27193
27215
27217
27218
27230
27243
27262
27285
27292
27293
27293
27293
27303
27308
27315
27318
27327
27334
27341
27367
27403
27403
27404
27406
27419
27433
27438
27462
27464
27473
27477
27489
27496
27498
27506
27512
27515
27545
27555
27573
27583
27586
27586
27599
27608
27617
27623
27624
27632
27651
27655
27667
27674
27676
27688
27692
27713
27716
27731
27735
27739
27753
27756
27767
27767
27770
27785
27787
27788
27807
27812
27848
27852
27854
27855
27859
27860
27868
27871
27872
27879
27882
27885
27897
27920
27920
27929
27932
27936
27960
27962
27964
27975
27990
27992
27992
27997
28008
28019
28024
28069
28072
28078
28081
28084
28091
28119
28131
28136
28148
28151
28173
28192
28197
28199
28201
28208
28224
28228
28233
28234
28237
28241
28243
28257
28268
28275
28283
28287
28308
28326
28334
28342
28346
28348
28350
28360
28370
28377
28381
28382
28408
28413
28420
28422
28442
28447
28455
28460
28462
28494
28496
28502
28517
28519
28521
28528
28530
28534
28554
28560
28589
28601
28603
28605
28608
28653
28656
28671
28672
28675
28681
28685
28690
28695
28715
28721
28725
28738
28739
28740
28740
28755
28759
28767
28773
28780
28801
28832
28835
28840
28840
28840
28858
28866
28872
28907
28940
28944
28948
28967
28984
28984
28995
29003
29003
29005
29015
29019
29020
29024
29040
29041
29048
29050
29069
29070
29104
29107
29108
29115
29121
29135
29150
29168
29188
29193
29196
29196
29197
29202
29226
29233
29245
29253
29257
29259
29263
29269
29323
29355
29376
29395
29401
29404
29405
29407
29430
29434
29475
29483
29505
29505
29510
29514
29522
29532
29552
29573
29586
29624
29636
29654
29666
29667
29667
29671
29681
29703
29706
29721
29723
29725
29725
29749
29756
29756
29765
29767
29777
29797
29815
29823
29825
29830
29836
29839
29860
29875
29887
29895
29901
29918
29918
29940
29961
29971
29981
29981
29984
29989
30009
30011
30026
30027
30039
30039
30043
30066
30073
30081
30083
30092
30103
30130
30142
30143
30146
30151
30155
30177
30187
30197
30270
30276
30300
30301
30303
30321
30350
30358
30368
30392
30393
30397
30410
30426
30447
30456
30460
30471
30478
30496
30498
30501
30505
30508
30510
30517
30535
30535
30536
30539
30541
30551
30560
30601
30604
30632
30637
30647
30649
30651
30653
30665
30668
30670
30678
30681
30684
30688
30693
30694
30711
30712
30723
30774
30778
30791
30794
30799
30809
30836
30850
30883
30886
30911
30912
30913
30915
30917
30935
30936
30943
30948
30960
31003
31017
31022
31029
31036
31037
31047
31049
31058
31063
31074
31076
31080
31088
31099
31101
31102
31125
31134
31135
31145
31150
31154
31203
31216
31228
31236
31243
31256
31264
31289
31320
31331
31383
31422
31429
31433
31439
31446
31447
31449
31456
31461
31468
31506
31532
31552
31560
31568
31576
31576
31580
31594
31599
31622
31641
31644
31647
31654
31656
31662
31664
31667
31667
31674
31688
31735
31742
31745
31747
31764
31773
31779
31795
31801
31820
31828
31833
31848
31852
31863
31880
31881
31889
31919
31937
31951
31967
31973
31977
31983
31988
32005
32005
32023
32026
32028
32036
32042
32056
32069
32088
32098
32125
32130
32134
32135
32140
32145
32171
32176
32181
32190
32198
32205
32218
32219
32237
32243
32247
32254
32255
32268
32286
32291
32295
32301
32337
32353
32357
32369
32394
32423
32433
32434
32434
32435
32439
32442
32447
32462
32463
32467
32511
32519
32558
32561
32564
32586
32589
32623
32638
32640
32647
32647
32677
32679
32680
32682
32698
32711
32726
32744
32795
32803
32830
32840
32841
32844
32857
32858
32866
32876
32879
32906
32907
32922
32950
32959
32973
32974
32998
33016
33018
33030
33031
33042
33052
33068
33084
33100
33109
33119
33141
33157
33166
33170
33176
33186
33187
33188
33191
33241
33247
33248
33258
33276
33281
33294
33322
33353
33384
33385
33388
33389
33394
33394
33396
33425
33431
33433
33439
33482
33487
33489
33494
33504
33516
33528
33550
33571
33574
33576
33597
33602
33603
33605
33647
33650
33655
33664
33668
33675
33687
33708
33721
33728
33747
33753
33755
33760
33772
33803
33818
33823
33831
33838
33855
33860
33865
33911
33922
33924
33926
33932
33940
33953
33954
33956
33958
33967
33984
34000
34006
34025
34027
34048
34064
34068
34068
34070
34083
34102
34127
34127
34132
34152
34155
34178
34186
34196
34200
34203
34218
34223
34224
34228
34239
34261
34274
34287
34318
34318
34319
34320
34338
34350
34350
34351
34354
34358
34360
34372
34382
34388
34431
34480
34484
34497
34503
34509
34515
34522
34525
34540
34578
34578
34590
34594
34600
34604
34605
34613
34616
34633
34636
34649
34653
34660
34660
34661
34661
34703
34710
34716
34720
34728
34729
34731
34731
34735
34739
34760
34763
34776
34813
34822
34827
34835
34839
34848
34876
34881
34887
34889
34897
34919
34975
34981
34984
34986
34991
35002
35007
35008
35029
35069
35074
35080
35096
35115
35118
35127
35128
35129
35144
35169
35169
35174
35186
35189
35191
35191
35209
35212
35227
35266
35291
35294
35311
35334
35338
35341
35383
35401
35437
35440
35455
35459
35482
35493
35499
35509
35519
35521
35527
35565
35568
35611
35623
35625
35628
35631
35632
35637
35642
35659
35666
35694
35694
35703
35713
35718
35719
35736
35775
35789
35809
35818
35819
35823
35831
35863
35890
35894
35899
35904
35909
35933
35963
35964
35971
35987
36007
36026
36044
36046
36062
36068
36083
36108
36116
36129
36131
36177
36186
36188
36193
36197
36222
36224
36233
36233
36235
36259
36264
36274
36289
36300
36302
36330
36334
36340
36350
36382
36410
36424
36427
36431
36448
36460
36482
36488
36518
36542
36559
36575
36582
36584
36600
36609
36616
36620
36620
36629
36646
36655
36657
36659
36667
36674
36686
36688
36691
36705
36705
36706
36708
36720
36758
36778
36787
36792
36804
36804
36804
36806
36816
36827
36844
36848
36881
36885
36887
36906
36943
36943
36965
36973
36983
36984
37008
37011
37012
37037
37048
37077
37084
37090
37096
37107
37114
37153
37163
37168
37169
37172
37173
37173
37192
37203
37222
37238
37246
37246
37254
37259
37263
37266
37273
37293
37294
37295
37299
37300
37305
37308
37310
37319
37334
37338
37346
37367
37372
37385
37392
37394
37410
37425
37437
37442
37446
37450
37454
37481
37503
37507
37531
37546
37564
37575
37583
37591
37635
37645
37646
37661
37678
37681
37718
37734
37767
37769
37770
37773
37774
37777
37777
37780
37786
37794
37820
37823
37823
37824
37825
37828
37842
37850
37873
37896
37915
37918
37924
37925
37925
37958
37960
37963
37981
37993
38008
38012
38012
38013
38015
38030
38030
38049
38050
38051
38073
38073
38074
38076
38081
38082
38086
38102
38119
38125
38128
38143
38147
38147
38161
38173
38204
38208
38224
38235
38239
38241
38265
38315
38323
38326
38331
38337
38343
38356
38359
38369
38379
38393
38415
38436
38437
38439
38454
38461
38462
38473
38522
38524
38550
38562
38569
38580
38582
38587
38590
38604
38616
38617
38636
38643
38656
38669
38710
38717
38722
38725
38765
38784
38795
38797
38803
38816
38822
38835
38838
38842
38843
38859
38873
38911
38925
38928
38951
38951
38956
38979
38980
38982
38983
38985
39008
39021
39035
39035
39037
39040
39042
39074
39088
39093
39105
39106
39108
39110
39118
39119
39125
39130
39131
39154
39160
39169
39171
39180
39212
39218
39231
39247
39251
39255
39260
39277
39279
39281
39302
39319
39324
39333
39338
39343
39345
39348
39355
39359
39381
39404
39419
39430
39452
39463
39463
39465
39474
39475
39479
39483
39496
39523
39526
39532
39539
39541
39576
39577
39605
39616
39620
39650
39664
39665
39676
39684
39697
39699
39703
39711
39713
39724
39739
39748
39770
39772
39802
39802
39805
39820
39831
39835
39847
39852
39854
39859
39860
39861
39891
39899
39900
39910
39935
39939
39949
39949
39954
39958
39961
39962
40000
40001
40006
40010
40047
40048
40060
40070
40079
40079
40102
40109
40111
40116
40116
40117
40153
40174
40183
40186
40195
40201
40211
40226
40227
40232
40235
40254
40257
40266
40276
40284
40285
40287
40340
40341
40359
40376
40378
40392
40398
40407
40407
40409
40423
40430
40438
40447
40454
40461
40473
40488
40491
40497
40502
40513
40515
40519
40525
40533
40537
40545
40549
40552
40552
40571
40574
40575
40582
40593
40634
40652
40659
40660
40670
40693
40697
40702
40711
40720
40744
40747
40758
40768
40784
40794
40800
40841
40852
40869
40878
40884
40885
40891
40897
40905
40912
40919
40924
40925
40926
40930
40933
40945
40982
40996
41002
41005
41008
41018
41023
41030
41048
41050
41058
41059
41078
41097
41099
41105
41105
41120
41127
41146
41165
41184
41186
41209
41213
41225
41241
41242
41263
41266
41296
41314
41327
41342
41348
41356
41364
41383
41388
41396
41399
41432
41432
41443
41455
41460
41464
41473
41483
41501
41508
41514
41529
41544
41590
41593
41595
41597
41611
41620
41668
41677
41693
41697
41704
41704
41704
41708
41723
41743
41744
41777
41783
41794
41815
41818
41824
41830
41831
41855
41857
41858
41868
41869
41874
41884
41890
41893
41903
41914
41929
41930
41930
41933
41935
41943
41948
41956
41960
41961
41968
41971
41977
41993
42006
42006
42007
42019
42023
42051
42057
42079
42083
42099
42099
42110
42118
42131
42133
42138
42140
42167
42168
42174
42183
42193
42200
42203
42227
42229
42229
42232
42240
42280
42293
42301
42325
42330
42331
42337
42339
42356
42381
42389
42398
42405
42407
42416
42417
42421
42438
42459
42493
42495
42507
42509
42511
42531
42547
42557
42565
42568
42571
42572
42581
42586
42588
42614
42622
42644
42653
42669
42701
42708
42734
42740
42746
42767
42772
42776
42786
42801
42804
42812
42815
42820
42822
42841
42848
42855
42859
42868
42869
42880
42896
42901
42913
42922
42927
42939
42941
42952
42952
42958
42973
42991
42992
42993
42997
43005
43006
43009
43018
43032
43037
43039
43048
43064
43069
43071
43072
43078
43079
43096
43109
43112
43144
43154
43157
43164
43207
43245
43246
43256
43278
43280
43281
43282
43284
43297
43309
43322
43373
43389
43397
43413
43430
43433
43442
43483
43503
43514
43522
43545
43571
43576
43591
43617
43635
43638
43648
43649
43657
43663
43667
43677
43677
43680
43682
43703
43706
43708
43726
43728
43734
43755
43760
43760
43762
43765
43771
43772
43774
43777
43779
43779
43794
43801
43813
43818
43844
43871
43871
43887
43895
43906
43917
43918
43926
43926
43926
43940
43943
43944
43947
43948
43955
43957
43959
43964
43965
43981
43994
44004
44015
44022
44039
44044
44060
44063
44069
44070
44081
44081
44087
44131
44145
44145
44148
44150
44155
44157
44158
44161
44161
44162
44169
44171
44178
44211
44215
44232
44233
44251
44252
44274
44288
44291
44293
44319
44339
44361
44372
44378
44389
44394
44402
44405
44408
44408
44434
44456
44477
44480
44495
44511
44517
44526
44531
44536
44538
44562
44586
44587
44590
44602
44612
44650
44654
44675
44683
44694
44695
44718
44719
44722
44737
44740
44782
44785
44787
44801
44812
44816
44843
44846
44862
44864
44872
44895
44917
44942
44948
44959
44962
44977
44980
44981
44987
44994
45003
45006
45009
45037
45050
45052
45080
45083
45098
45112
45121
45135
45156
45181
45183
45190
45201
45206
45240
45244
45275
45282
45285
45296
45316
45325
45327
45329
45336
45339
45340
45402
45409
45414
45418
45422
45424
45435
45453
45457
45458
45483
45483
45489
45508
45520
45529
45529
45540
45550
45565
45567
45568
45586
45588
45591
45597
45619
45649
45677
45680
45687
45721
45737
45747
45760
45777
45807
45809
45809
45827
45832
45838
45841
45863
45873
45879
45895
45899
45902
45909
45913
45919
45928
45937
45944
45947
45947
45957
45965
45999
46023
46060
46089
46098
46101
46108
46110
46118
46119
46126
46126
46129
46135
46142
46142
46147
46162
46164
46170
46183
46183
46188
46191
46200
46206
46213
46215
46223
46229
46242
46247
46252
46274
46281
46282
46285
46297
46300
46331
46354
46379
46380
46381
46383
46385
46386
46395
46411
46423
46439
46439
46447
46458
46470
46474
46480
46487
46491
46495
46498
46499
46506
46514
46515
46526
46550
46561
46563
46564
46568
46575
46582
46604
46611
46614
46636
46642
46645
46667
46668
46691
46695
46712
46721
46747
46757
46763
46785
46792
46798
46800
46800
46819
46824
46860
46872
46884
46888
46921
46926
46927
46942
46954
46977
46979
47003
47005
47017
47028
47035
47036
47063
47064
47069
47077
47079
47080
47092
47103
47109
47186
47204
47205
47240
47251
47257
47259
47261
47266
47282
47284
47297
47297
47301
47318
47318
47332
47339
47352
47365
47368
47396
47403
47424
47428
47432
47433
47479
47480
47489
47490
47492
47501
47501
47519
47528
47531
47544
47559
47565
47593
47595
47626
47629
47639
47642
47648
47651
47659
47669
47669
47679
47685
47698
47719
47739
47746
47758
47780
47793
47795
47799
47812
47828
47836
47846
47862
47870
47891
47899
47907
47920
47923
47925
47937
47950
47955
47960
47985
47995
47998
48010
48031
48034
48051
48063
48064
48066
48067
48073
48082
48091
48093
48098
48104
48105
48118
48127
48130
48131
48132
48149
48155
48157
48167
48167
48186
48201
48230
48241
48252
48255
48268
48272
48283
48288
48289
48320
48326
48326
48331
48343
48374
48378
48379
48379
48391
48392
48407
48408
48409
48409
48431
48436
48446
48460
48463
48468
48496
48501
48507
48521
48527
48532
48533
48542
48542
48546
48553
48580
48591
48593
48614
48616
48630
48658
48684
48688
48701
48713
48720
48731
48745
48753
48786
48811
48816
48826
48831
48837
48837
48853
48861
48862
48870
48889
48890
48901
48910
48915
48918
48923
48934
48945
48948
48969
48977
48983
48984
49006
49029
49054
49055
49055
49058
49077
49082
49086
49087
49099
49106
49108
49111
49112
49114
49122
49132
49133
49134
49143
49145
49160
49176
49184
49191
49193
49226
49238
49240
49241
49277
49303
49334
49338
49345
49357
49375
49378
49379
49398
49418
49429
49434
49460
49461
49465
49473
49510
49537
49539
49550
49575
49579
49586
49596
49615
49615
49621
49635
49641
49653
49657
49664
49674
49677
49682
49684
49703
49705
49707
49717
49718
49719
49735
49737
49737
49781
49798
49803
49807
49808
49814
49817
49819
49821
49825
49837
49845
49865
49883
49889
49914
49924
49927
49939
49949
49949
49952
49971
49980
50002
50014
50040
50041
50045
50051
50058
50070
50083
50088
50093
50097
50099
50103
50117
50131
50140
50148
50149
50151
50161
50185
50210
50211
50218
50225
50232
50239
50241
50243
50259
50263
50278
50313
50362
50375
50390
50392
50406
50415
50428
50440
50440
50460
50487
50491
50495
50511
50516
50521
50522
50531
50540
50543
50546
50548
50566
50573
50594
50594
50599
50609
50613
50615
50621
50624
50655
50657
50661
50663
50663
50668
50676
50691
50706
50741
50763
50776
50779
50800
50811
50814
50820
50829
50830
50831
50843
50848
50861
50873
50879
50879
50901
50925
50943
50956
50981
50992
50998
51004
51013
51020
51027
51033
51038
51045
51048
51071
51085
51102
51110
51120
51123
51134
51139
51140
51155
51156
51184
51186
51198
51199
51205
51213
51226
51233
51240
51244
51254
51255
51257
51266
51267
51272
51284
51285
51293
51294
51295
51328
51331
51340
51340
51363
51364
51389
51394
51399
51415
51427
51434
51457
51465
51471
51476
51478
51516
51523
51529
51564
51597
51605
51613
51621
51627
51642
51681
51686
51707
51717
51727
51730
51736
51744
51760
51761
51762
51782
51782
51805
51812
51830
51837
51843
51845
51877
51878
51896
51909
51915
51928
51954
51955
51986
51986
51998
52003
52005
52008
52010
52018
52019
52026
52033
52033
52033
52044
52072
52075
52076
52077
52082
52088
52092
52113
52113
52141
52161
52166
52168
52176
52177
52179
52187
52190
52201
52214
52224
52238
52243
52251
52266
52267
52270
52274
52290
52323
52345
52357
52366
52370
52392
52408
52426
52433
52447
52452
52474
52483
52506
52507
52517
52521
52521
52522
52542
52551
52566
52566
52578
52585
52599
52615
52619
52621
52628
52634
52647
52654
52667
52667
52670
52684
52685
52691
52696
52699
52700
52722
52728
52730
52752
52756
52757
52787
52800
52810
52810
52829
52829
52846
52874
52886
52897
52899
52900
52904
52905
52910
52911
52930
52933
52945
52970
52983
52987
52991
53002
53008
53018
53037
53044
53060
53061
53090
53096
53102
53110
53113
53114
53115
53126
53177
53190
53216
53219
53220
53222
53229
53231
53241
53259
53261
53278
53298
53298
53299
53303
53306
53314
53314
53318
53346
53366
53367
53370
53381
53387
53391
53400
53403
53412
53414
53417
53418
53422
53440
53448
53457
53465
53471
53473
53488
53488
53496
53499
53536
53541
53542
53598
53615
53617
53618
53631
53636
53689
53698
53720
53733
53735
53742
53746
53749
53761
53764
53778
53781
53796
53811
53820
53852
53854
53859
53860
53883
53902
53930
53937
53942
53945
53967
53983
53990
54003
54008
54023
54023
54030
54038
54042
54070
54075
54080
54084
54111
54126
54136
54154
54159
54168
54170
54176
54177
54179
54188
54200
54202
54203
54210
54243
54256
54263
54266
54269
54271
54272
54282
54286
54296
54310
54311
54318
54320
54327
54335
54344
54354
54363
54376
54378
54381
54389
54394
54395
54403
54413
54421
54423
54424
54426
54450
54462
54504
54533
54541
54553
54554
54565
54575
54578
54601
54620
54622
54650
54652
54657
54661
54674
54679
54681
54681
54688
54696
54701
54713
54716
54730
54734
54735
54745
54759
54771
54774
54778
54786
54793
54801
54808
54808
54813
54820
54827
54828
54859
54864
54874
54876
54887
54905
54908
54920
54921
54926
54928
54982
54984
54985
54988
55012
55036
55049
55052
55058
55085
55091
55098
55110
55119
55126
55131
55152
55154
55163
55170
55183
55185
55189
55209
55210
55210
55232
55237
55250
55258
55262
55269
55270
55290
55292
55326
55340
55342
55348
55365
55372
55374
55390
55395
55401
55408
55457
55459
55463
55468
55470
55477
55489
55492
55510
55514
55532
55544
55566
55568
55584
55591
55599
55615
55618
55649
55657
55659
55660
55679
55687
55699
55712
55721
55725
55731
55733
55745
55760
55766
55777
55779
55788
55812
55819
55828
55854
55877
55883
55894
55915
55915
55917
55923
55931
55944
55960
55962
55965
55990
55998
56008
56035
56044
56066
56068
56081
56091
56094
56135
56136
56141
56156
56159
56169
56170
56176
56194
56200
56202
56236
56254
56271
56314
56337
56369
56388
56394
56399
56406
56422
56430
56439
56461
56462
56463
56471
56473
56500
56520
56524
56534
56555
56580
56614
56615
56630
56634
56636
56645
56648
56653
56664
56682
56706
56729
56730
56741
56760
56763
56763
56763
56808
56813
56830
56834
56841
56856
56857
56866
56882
56883
56896
56903
56924
56942
56953
56954
56968
56998
57011
57039
57068
57086
57090
57108
57111
57112
57113
57121
57139
57149
57156
57180
57185
57190
57202
57205
57211
57221
57228
57236
57257
57258
57272
57287
57292
57294
57295
57312
57332
57348
57357
57366
57378
57415
57422
57459
57466
57469
57474
57479
57541
57562
57566
57585
57597
57598
57610
57624
57631
57651
57651
57653
57653
57654
57659
57662
57674
57734
57738
57768
57768
57770
57780
57782
57784
57800
57844
57845
57858
57858
57860
57873
57874
57889
57890
57914
57927
57947
57952
57976
57991
58002
58003
58006
58023
58028
58035
58051
58066
58071
58072
58105
58124
58129
58130
58141
58167
58168
58171
58183
58198
58201
58206
58214
58220
58231
58272
58292
58322
58323
58333
58338
58381
58398
58399
58406
58406
58409
58416
58420
58457
58475
58477
58511
58513
58520
58528
58532
58543
58544
58549
58560
58564
58564
58569
58573
58578
58588
58589
58596
58598
58602
58607
58611
58618
58632
58703
58727
58756
58778
58782
58799
58800
58808
58826
58846
58853
58864
58865
58930
58946
58953
58956
58956
58962
58992
58995
58996
58999
59003
59009
59018
59027
59028
59033
59035
59044
59052
59083
59083
59091
59094
59124
59137
59140
59143
59164
59181
59190
59200
59201
59209
59217
59217
59232
59233
59245
59247
59254
59273
59282
59286
59287
59297
59326
59332
59333
59337
59346
59351
59352
59369
59369
59385
59400
59401
59413
59448
59475
59478
59481
59490
59493
59502
59522
59527
59539
59541
59578
59586
59678
59701
59705
59708
59725
59737
59749
59758
59763
59766
59767
59770
59782
59784
59797
59809
59809
59818
59820
59824
59825
59829
59846
59860
59863
59881
59885
59900
59902
59906
59918
59918
59931
59932
59941
59972
59974
59978
59984
59990
60008
60032
60046
60052
60066
60089
60090
60104
60109
60126
60129
60131
60163
60166
60168
60170
60173
60175
60183
60186
60195
60197
60204
60205
60206
60212
60214
60216
60217
60219
60238
60272
60273
60276
60288
60292
60292
60314
60319
60338
60350
60377
60382
60398
60400
60412
60431
60434
60436
60445
60447
60449
60454
60474
60481
60506
60519
60549
60561
60562
60588
60593
60594
60600
60607
60631
60640
60655
60659
60664
60672
60685
60686
60689
60713
60714
60716
60719
60725
60731
60733
60743
60745
60746
60757
60771
60788
60789
60791
60799
60802
60809
60817
60834
60838
60845
60851
60859
60871
60959
60962
60963
60988
60999
61004
61019
61030
61040
61041
61058
61059
61067
61068
61069
61090
61092
61093
61140
61147
61154
61156
61166
61171
61182
61186
61190
61211
61218
61241
61254
61255
61258
61261
61271
61291
61299
61318
61320
61322
61325
61345
61385
61389
61391
61398
61400
61405
61414
61422
61430
61435
61436
61443
61468
61480
61503
61512
61514
61525
61536
61551
61552
61561
61565
61566
61578
61584
61588
61596
61597
61656
61671
61677
61705
61715
61729
61731
61739
61741
61746
61767
61788
61816
61857
61866
61871
61877
61897
61912
61913
61925
61927
61936
61939
61950
61953
61957
62000
62023
62058
62058
62060
62067
62070
62073
62075
62084
62089
62107
62132
62151
62164
62202
62213
62219
62224
62225
62231
62243
62251
62255
62256
62256
62258
62270
62286
62311
62336
62343
62344
62357
62359
62365
62391
62414
62419
62429
62458
62465
62486
62512
62519
62521
62549
62569
62572
62584
62592
62601
62608
62612
62616
62620
62633
62633
62637
62644
62645
62654
62681
62689
62700
62703
62708
62719
62722
62723
62745
62745
62751
62756
62757
62758
62765
62767
62780
62843
62844
62852
62863
62872
62874
62885
62887
62898
62898
62907
62910
62926
62927
62939
62944
62966
62973
62992
62992
62993
63039
63065
63087
63121
63122
63127
63143
63159
63165
63166
63168
63189
63190
63215
63236
63266
63271
63280
63283
63292
63311
63315
63320
63323
63324
63337
63347
63350
63356
63364
63378
63379
63384
63390
63398
63401
63408
63416
63422
63423
63434
63449
63473
63484
63485
63486
63514
63548
63570
63576
63596
63597
63601
63602
63606
63609
63613
63613
63614
63620
63623
63627
63627
63632
63634
63635
63636
63639
63652
63655
63656
63657
63665
63668
63698
63701
63701
63713
63723
63754
63762
63787
63787
63801
63810
63812
63816
63829
63860
63870
63891
63904
63919
63919
63923
63964
63973
63984
63994
64003
64008
64011
64013
64024
64035
64036
64043
64062
64074
64075
64093
64126
64136
64139
64146
64156
64174
64188
64191
64208
64213
64226
64250
64271
64277
64281
64284
64294
64297
64301
64309
64313
64325
64336
64367
64394
64408
64410
64411
64416
64422
64423
64431
64437
64451
64454
64465
64476
64480
64481
64488
64491
64494
64503
64511
64515
64515
64515
64544
64566
64598
64615
64631
64646
64647
64650
64652
64652
64654
64661
64663
64668
64688
64690
64699
64705
64709
64714
64719
64719
64747
64761
64774
64796
64813
64822
64823
64827
64828
64833
64835
64841
64865
64870
64878
64898
64900
64909
64915
64924
64941
64943
64953
64977
64981
64993
65005
65022
65022
65023
65044
65048
65048
65053
65062
65063
65066
65071
65079
65082
65089
65091
65102
65104
65113
65114
65118
65151
65161
65166
65174
65192
65203
65205
65210
65211
65222
65224
65227
65240
65265
65285
65298
65307
65314
65317
65342
65348
65353
65357
65364
65364
65367
65389
65392
65438
65462
65466
65536
65536
65574
65579
65583
65596
65608
65622
65628
65651
65655
65656
65668
65671
65682
65683
65692
65695
65702
65706
65717
65718
65720
65728
65738
65749
65752
65756
65764
65765
65766
65779
65783
65795
65829
65837
65851
65853
65861
65870
65881
65896
65898
65901
65902
65915
65918
65919
65940
65963
65972
65978
65986
65991
66003
66020
66049
66081
66085
66088
66093
66102
66103
66118
66121
66130
66137
66156
66157
66158
66165
66180
66180
66182
66197
66204
66205
66224
66255
66276
66288
66294
66307
66312
66319
66329
66333
66333
66350
66353
66362
66368
66372
66375
66389
66389
66410
66419
66421
66423
66450
66465
66466
66472
66485
66496
66512
66513
66519
66524
66541
66546
66571
66585
66599
66615
66618
66619
66634
66639
66644
66649
66666
66677
66700
66705
66716
66720
66722
66726
66728
66758
66786
66799
66819
66835
66858
66878
66924
66946
66947
66952
66959
66962
66971
66990
66992
67011
67019
67042
67047
67047
67050
67059
67069
67088
67089
67097
67097
67101
67118
67127
67133
67138
67143
67179
67187
67201
67203
67231
67232
67236
67237
67245
67248
67256
67265
67269
67274
67276
67318
67320
67336
67370
67404
67406
67409
67411
67418
67434
67437
67451
67462
67514
67535
67536
67540
67540
67554
67569
67569
67569
67574
67579
67579
67580
67588
67600
67608
67608
67609
67623
67629
67648
67677
67686
67694
67711
67716
67721
67727
67738
67744
67760
67780
67788
67788
67799
67801
67814
67815
67821
67835
67851
67852
67862
67862
67863
67874
67888
67891
67894
67898
67922
67934
67936
67947
67950
67961
67971
67984
67986
67988
68001
68001
68003
68032
68042
68050
68058
68082
68100
68105
68106
68106
68116
68122
68143
68155
68165
68166
68168
68170
68174
68180
68181
68200
68202
68206
68220
68238
68247
68248
68248
68266
68282
68299
68305
68325
68328
68352
68366
68370
68405
68429
68429
68434
68448
68451
68460
68460
68473
68480
68483
68485
68497
68497
68499
68501
68505
68538
68539
68541
68557
68563
68612
68616
68618
68629
68632
68633
68639
68652
68654
68656
68657
68675
68715
68715
68716
68717
68730
68739
68753
68756
68761
68767
68783
68792
68817
68822
68830
68837
68838
68865
68873
68887
68916
68925
68946
68956
68961
68966
68973
68988
69005
69008
69009
69021
69026
69030
69046
69049
69049
69050
69052
69053
69053
69056
69063
69069
69085
69089
69103
69111
69139
69165
69173
69190
69220
69258
69266
69268
69274
69287
69309
69325
69329
69331
69331
69343
69347
69351
69354
69362
69363
69365
69368
69372
69382
69386
69387
69398
69406
69406
69423
69426
69437
69438
69439
69441
69443
69443
69446
69455
69472
69489
69492
69496
69511
69521
69528
69528
69534
69552
69554
69568
69568
69571
69577
69581
69597
69609
69617
69627
69644
69653
69663
69682
69693
69723
69723
69727
69731
69744
69759
69772
69774
69776
69782
69791
69792
69808
69808
69816
69825
69825
69835
69835
69851
69852
69856
69872
69877
69883
69903
69921
69921
69926
69933
69948
69954
69954
69963
69971
69976
69981
70013
70023
70034
70039
70053
70055
70062
70067
70072
70079
70082
70124
70132
70138
70161
70168
70168
70169
70170
70174
70183
70185
70187
70189
70201
70222
70227
70230
70241
70258
70265
70275
70281
70282
70303
70309
70317
70327
70333
70351
70388
70400
70406
70465
70475
70504
70520
70541
70541
70551
70554
70566
70589
70595
70599
70601
70603
70630
70630
70632
70636
70646
70664
70668
70676
70719
70722
70731
70734
70736
70736
70738
70758
70813
70828
70852
70883
70889
70890
70891
70892
70895
70896
70910
70923
70937
70946
70955
70978
71003
71018
71026
71030
71033
71040
71043
71077
71091
71093
71103
71118
71118
71129
71132
71146
71176
71195
71197
71204
71207
71209
71210
71222
71237
71245
71258
71264
71268
71271
71277
71282
71313
71320
71325
71330
71339
71369
71390
71392
71396
71432
71439
71441
71478
71479
71506
71510
71511
71512
71517
71524
71531
71535
71540
71548
71559
71571
71579
71587
71587
71591
71598
71614
71649
71651
71652
71659
71678
71687
71688
71694
71694
71707
71713
71731
71740
71768
71794
71795
71810
71816
71816
71822
71828
71837
71852
71860
71864
71867
71885
71892
71893
71895
71898
71898
71907
71940
71955
71959
71961
71967
71971
71974
71985
71996
72003
72009
72013
72017
72024
72027
72036
72037
72041
72044
72052
72060
72078
72079
72085
72085
72085
72086
72097
72102
72107
72109
72166
72217
72218
72220
72221
72228
72233
72234
72250
72264
72273
72280
72282
72285
72289
72294
72304
72306
72315
72318
72339
72354
72355
72385
72388
72398
72408
72414
72422
72423
72423
72424
72429
72433
72438
72456
72480
72498
72505
72507
72512
72516
72517
72520
72521
72535
72544
72560
72563
72613
72619
72632
72641
72651
72677
72694
72704
72712
72715
72722
72722
72733
72783
72784
72810
72812
72813
72816
72820
72820
72832
72840
72882
72888
72896
72915
72917
72928
72929
72954
72963
72976
72977
72978
72988
72995
73004
73010
73013
73015
73031
73037
73037
73067
73114
73131
73132
73136
73149
73178
73184
73204
73206
73217
73218
73220
73227
73227
73240
73242
73244
73249
73271
73282
73285
73301
73316
73338
73339
73343
73351
73356
73366
73377
73378
73381
73401
73421
73423
73428
73451
73452
73455
73456
73457
73457
73469
73482
73520
73547
73554
73565
73585
73594
73602
73637
73663
73673
73678
73688
73693
73703
73730
73737
73743
73771
73777
73786
73787
73827
73829
73844
73846
73848
73862
73868
73878
73879
73885
73886
73888
73892
73892
73895
73905
73909
73937
73937
73948
73963
73964
73980
73999
74006
74019
74034
74040
74043
74055
74087
74090
74106
74107
74131
74136
74140
74148
74161
74168
74171
74201
74225
74232
74238
74247
74249
74254
74255
74258
74259
74300
74316
74320
74328
74351
74361
74368
74376
74386
74386
74387
74397
74415
74422
74422
74423
74431
74434
74450
74452
74461
74477
74495
74516
74540
74542
74548
74569
74572
74572
74578
74579
74593
74613
74615
74616
74620
74621
74653
74664
74682
74691
74695
74698
74706
74721
74725
74727
74729
74732
74738
74739
74757
74757
74764
74770
74794
74802
74804
74806
74810
74810
74812
74824
74838
74850
74873
74874
74881
74891
74947
74950
74966
74988
75004
75019
75024
75031
75033
75044
75045
75057
75057
75067
75069
75074
75075
75079
75110
75129
75134
75147
75152
75183
75186
75210
75219
75219
75229
75250
75271
75288
75290
75294
75300
75303
75304
75317
75322
75325
75327
75329
75330
75333
75335
75335
75352
75353
75354
75360
75360
75392
75399
75410
75447
75468
75469
75470
75474
75506
75517
75521
75527
75543
75550
75553
75563
75577
75581
75581
75598
75649
75649
75654
75662
75665
75687
75692
75696
75722
75723
75742
75743
75747
75753
75755
75768
75817
75820
75826
75831
75836
75840
75847
75857
75865
75872
75887
75893
75895
75907
75909
75915
75916
75924
75925
75929
75930
75937
75939
75946
75949
75954
75955
75959
75960
75961
75993
75997
76001
76004
76023
76028
76052
76052
76068
76069
76095
76096
76112
76115
76119
76128
76137
76138
76139
76155
76166
76199
76201
76207
76218
76250
76251
76262
76262
76263
76268
76290
76292
76294
76303
76308
76319
76340
76381
76383
76387
76399
76407
76412
76412
76416
76423
76439
76451
76458
76464
76464
76482
76489
76491
76510
76512
76520
76525
76533
76546
76554
76583
76584
76607
76630
76641
76645
76649
76655
76656
76661
76663
76666
76672
76678
76679
76683
76695
76703
76709
76710
76742
76795
76800
76840
76842
76860
76883
76887
76892
76915
76935
76938
76948
76961
76966
76967
76974
76983
76993
76997
76997
77000
77007
77013
77030
77035
77042
77047
77062
77066
77084
77092
77093
77116
77121
77143
77147
77157
77159
77168
77174
77191
77192
77195
77204
77207
77211
77213
77217
77255
77259
77259
77271
77277
77283
77286
77291
77307
77328
77339
77359
77360
77366
77372
77374
77375
77396
77409
77433
77433
77435
77459
77469
77474
77482
77485
77516
77517
77539
77570
77574
77578
77589
77608
77610
77612
77625
77658
77659
77664
77683
77685
77690
77700
77712
77725
77745
77757
77783
77802
77826
77833
77840
77861
77865
77868
77868
77870
77877
77883
77885
77885
77901
77908
77909
77917
77921
77922
77932
77978
77992
77995
78013
78017
78026
78054
78055
78078
78089
78093
78100
78109
78111
78114
78120
78143
78151
78158
78189
78196
78196
78207
78248
78253
78258
78269
78272
78275
78285
78290
78291
78294
78299
78311
78316
78321
78322
78344
78368
78369
78379
78387
78389
78392
78394
78404
78415
78418
78433
78483
78499
78531
78535
78536
78559
78561
78563
78584
78623
78646
78667
78668
78684
78688
78691
78692
78703
78705
78710
78719
78721
78723
78752
78755
78777
78796
78797
78800
78800
78801
78806
78817
78829
78850
78862
78866
78887
78896
78902
78917
78918
78930
78933
78956
78959
78979
78980
78985
78998
79004
79009
79014
79021
79025
79029
79031
79032
79052
79069
79078
79083
79088
79091
79099
79103
79109
79126
79130
79140
79152
79163
79166
79169
79171
79172
79178
79187
79189
79193
79209
79222
79225
79227
79236
79237
79239
79243
79245
79257
79259
79268
79268
79272
79274
79280
79289
79293
79306
79310
79312
79315
79335
79357
79384
79385
79396
79404
79411
79411
79433
79433
79457
79466
79466
79476
79481
79535
79550
79566
79610
79630
79639
79663
79670
79691
79697
79706
79718
79735
79745
79760
79771
79776
79783
79784
79786
79797
79801
79853
79855
79867
79872
79910
79913
79916
79962
79966
79967
79970
79998
80013
80031
80032
80044
80045
80049
80050
80051
80107
80112
80123
80133
80135
80138
80140
80144
80160
80160
80164
80170
80174
80180
80181
80183
80192
80205
80220
80228
80228
80229
80232
80235
80249
80276
80280
80285
80323
80336
80348
80350
80376
80379
80381
80390
80394
80419
80429
80440
80445
80453
80485
80488
80501
80502
80525
80528
80529
80536
80566
80579
80585
80587
80601
80605
80607
80624
80627
80636
80639
80659
80696
80704
80711
80712
80715
80718
80721
80734
80737
80754
80756
80761
80782
80791
80793
80815
80820
80836
80839
80843
80851
80857
80866
80873
80897
80913
80921
80928
80940
80948
80954
80972
80981
80985
80990
80995
80997
81006
81010
81027
81038
81059
81068
81070
81074
81075
81087
81098
81101
81115
81130
81147
81161
81165
81181
81201
81221
81226
81244
81249
81253
81255
81269
81287
81317
81331
81353
81358
81369
81369
81370
81403
81404
81405
81408
81410
81414
81434
81447
81450
81462
81482
81490
81520
81520
81528
81528
81530
81557
81595
81598
81599
81601
81629
81630
81631
81637
81660
81674
81694
81700
81714
81726
81739
81743
81763
81765
81783
81792
81798
81801
81809
81813
81829
81835
81859
81883
81890
81890
81895
81904
81931
81942
81956
81968
81973
81991
82010
82015
82016
82032
82066
82077
82086
82106
82117
82118
82121
82126
82146
82149
82169
82186
82215
82218
82226
82234
82239
82243
82264
82276
82286
82308
82311
82318
82320
82320
82330
82352
82358
82372
82373
82386
82388
82389
82392
82424
82440
82449
82452
82454
82459
82469
82472
82472
82499
82504
82515
82517
82550
82552
82558
82563
82590
82595
82596
82607
82608
82610
82615
82635
82648
82664
82672
82699
82714
82738
82754
82762
82766
82779
82784
82790
82809
82841
82855
82860
82865
82866
82869
82882
82884
82886
82899
82899
82902
82905
82909
82937
82949
82956
82957
82973
82975
82976
82984
82985
82992
83008
83011
83013
83018
83020
83028
83039
83064
83066
83066
83070
83073
83088
83106
83106
83119
83128
83135
83148
83165
83175
83178
83180
83183
83185
83192
83200
83205
83214
83226
83232
83238
83243
83260
83275
83287
83290
83295
83298
83307
83310
83314
83323
83335
83344
83358
83360
83375
83392
83417
83427
83434
83444
83476
83477
83481
83482
83485
83504
83519
83519
83528
83534
83542
83543
83580
83606
83607
83614
83641
83646
83649
83652
83716
83718
83725
83764
83769
83792
83806
83821
83826
83827
83848
83853
83862
83867
83875
83886
83888
83899
83902
83923
83940
83946
83954
83972
83974
83980
83981
83989
84000
84010
84019
84022
84036
84037
84050
84057
84070
84071
84099
84116
84126
84150
84155
84186
84193
84213
84215
84256
84263
84270
84277
84289
84289
84306
84327
84347
84354
84361
84366
84379
84396
84419
84428
84451
84457
84473
84487
84496
84501
84536
84538
84540
84548
84559
84566
84570
84580
84594
84598
84603
84608
84626
84636
84648
84651
84651
84653
84663
84666
84670
84684
84705
84709
84712
84714
84722
84732
84736
84737
84748
84751
84753
84758
84758
84774
84774
84783
84797
84803
84805
84814
84825
84830
84835
84836
84843
84843
84859
84860
84865
84873
84880
84885
84885
84890
84895
84897
84908
84909
84911
84920
84938
84940
84955
84958
84970
84976
84983
84993
84994
84997
85006
85016
85032
85036
85077
85086
85090
85107
85117
85130
85136
85144
85145
85160
85162
85170
85176
85185
85187
85201
85232
85261
85283
85293
85294
85323
85332
85364
85370
85370
85387
85403
85404
85414
85417
85428
85428
85438
85467
85473
85489
85503
85503
85505
85509
85512
85514
85525
85537
85547
85556
85566
85570
85579
85591
85598
85599
85619
85626
85633
85646
85656
85662
85696
85697
85717
85722
85730
85731
85742
85754
85757
85782
85790
85801
85814
85820
85822
85823
85825
85835
85849
85869
85871
85875
85879
85880
85889
85892
85893
85906
85917
85917
85919
85924
85933
85954
85954
85965
85973
85987
85989
86008
86010
86013
86019
86028
86031
86041
86054
86058
86072
86073
86111
86112
86116
86134
86160
86173
86178
86183
86193
86210
86219
86219
86243
86255
86285
86290
86291
86294
86298
86298
86307
86308
86323
86328
86332
86332
86339
86348
86351
86361
86365
86396
86405
86410
86419
86443
86460
86463
86475
86475
86478
86486
86496
86528
86532
86542
86550
86579
86584
86593
86594
86620
86620
86623
86659
86662
86674
86703
86726
86728
86736
86748
86758
86759
86765
86771
86773
86783
86786
86809
86826
86845
86849
86880
86881
86938
86944
86956
86969
86981
86983
86983
86988
86997
87024
87043
87044
87045
87050
87054
87055
87068
87075
87092
87092
87097
87100
87113
87120
87161
87174
87175
87242
87254
87254
87273
87273
87289
87314
87323
87324
87332
87337
87360
87369
87392
87404
87413
87430
87451
87457
87458
87460
87474
87489
87493
87502
87509
87526
87526
87527
87535
87543
87548
87554
87566
87569
87573
87577
87579
87588
87595
87596
87605
87638
87643
87647
87648
87655
87674
87676
87678
87678
87683
87684
87693
87696
87700
87712
87721
87763
87764
87785
87806
87807
87809
87817
87820
87822
87825
87833
87861
87869
87884
87884
87899
87941
87947
87947
87966
87977
87979
87983
87986
88005
88006
88012
88031
88065
88081
88095
88097
88118
88125
88129
88139
88144
88145
88187
88200
88200
88219
88224
88225
88232
88249
88262
88283
88298
88298
88309
88325
88335
88354
88359
88383
88385
88399
88401
88416
88420
88430
88432
88446
88449
88450
88457
88467
88472
88485
88492
88493
88494
88500
88505
88513
88547
88553
88554
88565
88566
88618
88632
88634
88648
88650
88655
88677
88679
88696
88714
88737
88746
88748
88762
88782
88791
88812
88827
88857
88881
88912
88934
88934
88936
88937
88940
88951
88952
88966
88974
88993
89013
89025
89056
89058
89061
89091
89100
89111
89126
89136
89149
89161
89174
89183
89199
89200
89202
89214
89218
89220
89222
89222
89236
89241
89243
89259
89259
89265
89279
89281
89289
89312
89341
89360
89361
89363
89367
89374
89379
89382
89384
89415
89421
89424
89457
89460
89482
89488
89495
89495
89521
89535
89546
89563
89576
89590
89617
89621
89644
89657
89668
89677
89706
89713
89721
89728
89730
89734
89755
89757
89774
89783
89785
89802
89803
89804
89815
89818
89831
89835
89835
89838
89849
89852
89854
89868
89871
89892
89904
89907
89921
89946
89958
89965
89970
89998
90004
90008
90042
90046
90059
90060
90075
90089
90103
90109
90121
90125
90126
90138
90156
90158
90164
90168
90170
90172
90174
90181
90191
90205
90207
90208
90213
90226
90285
90305
90312
90333
90338
90349
90357
90368
90382
90387
90387
90401
90401
90401
90403
90412
90413
90417
90435
90442
90448
90460
90480
90490
90492
90504
90531
90532
90540
90547
90558
90565
90568
90575
90582
90597
90603
90635
90639
90657
90676
90689
90701
90737
90741
90745
90749
90784
90805
90805
90826
90834
90835
90835
90838
90863
90865
90866
90915
90923
90923
90932
90940
90951
90957
90960
90963
90979
90986
90987
90988
90991
90992
90995
91002
91011
91012
91018
91022
91029
91041
91050
91055
91071
91082
91087
91129
91143
91143
91143
91166
91184
91193
91194
91196
91199
91241
91260
91266
91279
91282
91294
91316
91317
91321
91336
91342
91373
91413
91427
91439
91470
91487
91487
91498
91498
91504
91532
91532
91565
91589
91622
91623
91623
91629
91634
91658
91664
91673
91675
91679
91679
91687
91722
91729
91730
91739
91745
91769
91783
91784
91785
91791
91807
91815
91816
91817
91820
91840
91841
91846
91858
91868
91875
91878
91886
91886
91895
91897
91916
91918
91945
91950
91954
91955
91988
91991
92016
92057
92070
92078
92082
92082
92095
92107
92121
92125
92141
92154
92162
92189
92193
92194
92203
92211
92226
92227
92239
92244
92246
92265
92279
92297
92308
92322
92349
92355
92358
92363
92376
92378
92400
92401
92401
92402
92404
92407
92419
92424
92425
92434
92438
92447
92477
92490
92500
92501
92508
92520
92531
92532
92565
92568
92590
92592
92608
92608
92611
92614
92618
92637
92647
92660
92660
92667
92678
92719
92729
92739
92761
92763
92779
92799
92802
92804
92808
92815
92817
92822
92826
92827
92840
92843
92849
92852
92862
92868
92883
92891
92894
92898
92908
92913
92942
92957
92963
92971
92988
93004
93009
93009
93014
93041
93050
93050
93055
93065
93066
93067
93076
93085
93086
93097
93103
93143
93158
93165
93169
93169
93178
93179
93187
93195
93201
93211
93237
93251
93258
93264
93276
93278
93287
93301
93309
93314
93334
93341
93357
93359
93360
93367
93379
93380
93393
93400
93403
93412
93434
93436
93441
93449
93449
93452
93454
93455
93457
93461
93462
93464
93483
93499
93501
93513
93531
93534
93542
93543
93556
93557
93567
93571
93572
93575
93598
93599
93645
93670
93674
93682
93685
93692
93721
93724
93729
93763
93766
93779
93781
93783
93812
93840
93848
93866
93873
93886
93890
93892
93910
93930
93932
93939
93953
93957
93958
93966
93973
93975
93992
94030
94032
94040
94061
94062
94083
94086
94089
94106
94108
94112
94114
94124
94130
94132
94141
94153
94155
94158
94159
94160
94161
94173
94182
94182
94198
94201
94203
94212
94215
94218
94254
94266
94268
94270
94279
94285
94308
94317
94352
94364
94368
94392
94393
94398
94399
94411
94428
94448
94450
94453
94457
94462
94463
94478
94482
94483
94485
94496
94498
94499
94501
94533
94539
94540
94543
94557
94565
94568
94574
94578
94579
94581
94589
94606
94620
94640
94653
94666
94667
94675
94704
94708
94712
94717
94718
94730
94733
94737
94744
94748
94749
94756
94760
94769
94770
94780
94781
94804
94804
94822
94822
94837
94849
94860
94883
94887
94903
94909
94916
94935
94939
94939
94941
94944
94945
94947
94965
94970
94970
94973
94987
95001
95004
95012
95013
95054
95059
95070
95095
95106
95116
95125
95136
95157
95180
95183
95200
95200
95222
95227
95227
95230
95230
95280
95283
95304
95305
95316
95318
95329
95339
95344
95351
95352
95372
95372
95373
95392
95393
95395
95416
95440
95450
95451
95451
95488
95495
95502
95533
95551
95554
95555
95559
95567
95589
95601
95617
95631
95632
95644
95654
95687
95692
95699
95718
95728
95745
95762
95765
95771
95773
95779
95781
95793
95797
95798
95810
95814
95815
95839
95847
95850
95858
95869
95874
95892
95892
95900
95908
95914
95915
95918
95937
95961
95968
95969
95985
95985
95999
96040
96048
96052
96052
96076
96078
96081
96085
96098
96116
96127
96136
96140
96143
96150
96155
96159
96165
96186
96189
96229
96236
96248
96261
96263
96283
96288
96306
96316
96320
96330
96354
96356
96359
96389
96390
96394
96406
96409
96411
96412
96417
96434
96442
96442
96457
96465
96478
96489
96514
96516
96524
96525
96540
96541
96542
96545
96549
96552
96581
96601
96623
96625
96644
96697
96702
96704
96713
96721
96743
96768
96779
96786
96791
96814
96816
96832
96850
96853
96866
96881
96906
96917
96921
96942
96947
96955
96971
96978
96996
97002
97004
97005
97009
97010
97017
97029
97038
97041
97054
97066
97082
97129
97136
97146
97146
97179
97196
97214
97225
97237
97241
97243
97245
97288
97337
97337
97339
97347
97372
97373
97400
97407
97411
97423
97429
97435
97439
97450
97458
97465
97511
97515
97522
97526
97528
97541
97542
97564
97578
97590
97596
97596
97602
97605
97617
97651
97653
97658
97658
97659
97676
97680
97681
97686
97695
97714
97730
97745
97754
97757
97762
97767
97769
97793
97845
97850
97871
97874
97883
97894
97907
97909
97909
97917
97919
97922
97964
97969
97987
97991
98015
98020
98021
98030
98034
98034
98103
98104
98106
98109
98131
98136
98159
98160
98214
98221
98224
98233
98234
98235
98236
98240
98243
98244
98246
98248
98253
98253
98257
98259
98259
98270
98285
98287
98298
98322
98323
98333
98344
98353
98362
98382
98383
98385
98405
98409
98414
98416
98423
98440
98443
98452
98466
98468
98473
98475
98476
98486
98500
98504
98513
98519
98533
98534
98544
98545
98555
98583
98611
98630
98636
98648
98655
98655
98665
98688
98710
98728
98738
98741
98757
98761
98762
98774
98774
98776
98779
98792
98792
98819
98820
98841
98873
98877
98899
98906
98908
98914
98916
98919
98919
98920
98925
98931
98934
98936
98937
98959
98968
98984
98989
99010
99031
99033
99033
99038
99077
99108
99132
99133
99137
99141
99156
99156
99175
99177
99191
99200
99216
99221
99226
99235
99240
99247
99259
99290
99292
99292
99297
99332
99347
99347
99351
99353
99370
99380
99392
99392
99398
99402
99406
99423
99450
99465
99494
99515
99529
99537
99557
99582
99587
99588
99613
99626
99629
99629
99637
99638
99644
99694
99698
99717
99717
99732
99735
99747
99755
99759
99761
99765
99776
99789
99818
99832
99837
99846
99859
99875
99875
99890
99907
99914
99925
99928
99929
99936
99936
99937
99947
99952
99959
99972
99984
99989
99993
