82286
46060
55459
51812
21522
97681
30009
59200
8214
41348
98246
64062
2330
48379
18457
58544
20181
42568
50140
68973
1812
25665
25861
82905
74247
3559
55923
4111
39676
27477
76666
27667
67059
97845
84825
46170
72408
88485
34881
20551
18426
73204
84457
5611
28173
13860
92520
51707
82169
42859
94712
9774
90676
90689
75550
49718
92618
61950
95632
25437
97136
5698
9683
82884
8569
89998
37012
5898
10821
68916
62075
11959
22165
12668
94557
53852
11720
19605
73178
91011
77840
22923
43503
58569
938
91745
36943
9556
44612
80529
58596
92121
64284
82882
25723
78887
85814
39212
33016
11165
79335
10624
52699
10338
90838
84150
36806
63215
1809
38616
72535
36233
19372
60272
16809
25035
4787
11434
13161
77433
60032
16235
2017
30912
74019
97676
43522
36129
63812
96866
19272
22061
48934
61729
759
3805
86339
2844
98234
70910
84570
96316
23873
88200
50998
16308
66541
75743
39961
9359
11488
98109
33030
87548
74495
69455
29269
52251
60338
4391
87113
69835
22791
42140
86594
93455
46447
63378
62067
5845
67677
6535
26990
71320
99698
10396
42952
25846
91532
26582
40747
6668
60743
87595
80754
59003
76710
36193
53631
80050
97009
98792
92402
84865
64126
14402
83290
63039
46563
83344
43576
85973
18757
11636
60398
60377
27308
92739
10068
95961
64631
52274
49143
86365
99846
45340
44178
67409
26032
77700
29505
59164
17452
73663
83183
43703
40852
78723
41432
67814
93103
53102
11192
54296
24888
88494
42331
82899
32140
94268
48201
49122
65870
51727
13544
22685
64008
70852
22064
46470
11864
68174
45747
65222
28370
72928
51240
20522
54450
29323
27462
17256
97907
8243
94448
90172
40659
57845
80990
48343
96140
99240
16750
12797
46515
76250
86623
71614
80228
39088
14372
99936
8834
18902
13940
25561
19845
47069
29767
67540
91918
50820
35904
50566
16828
48409
68328
65765
64250
59475
77932
17387
21223
16721
17650
5005
18007
44511
32439
82121
28460
60449
16610
48436
27043
7440
28739
49460
76887
84580
38119
90368
77690
9162
71432
60183
4602
25004
712
48468
12556
52357
2239
27043
46281
26528
77013
82984
6022
81792
59932
55883
91439
81743
74891
99972
26860
26671
49086
53113
62089
1435
37338
19814
86291
76938
9497
18900
33803
90932
69835
29395
97347
71033
31102
10877
18583
44063
96356
14896
2863
25
94935
77921
16630
14415
45098
31662
75074
52176
32088
65695
38224
89279
95892
42869
84873
83614
49226
20522
26424
4927
90042
71852
76491
38049
17900
16762
4405
6158
73136
56044
4702
24189
46089
49674
99290
63416
99644
64208
24451
47795
48826
49429
11198
44150
46480
41971
81353
19472
50232
10483
78721
86173
46550
93483
49133
88553
79004
49112
29721
93367
35341
85077
39479
71222
7756
81859
8781
78299
54774
89058
81726
49111
34578
27318
75303
48745
30778
14176
13685
65104
6068
71694
82595
68557
47282
80928
12490
71860
43072
13667
27767
14045
7430
62058
67971
18720
73401
50776
89734
29168
22465
97596
77725
91846
25652
35311
36188
96702
69663
14610
69309
40574
42820
43734
91623
73338
97762
48532
21218
90312
69554
55649
59829
68837
47003
24981
13820
39576
75865
27031
18126
25343
45435
98919
65166
42110
69472
61068
50259
86013
80607
78275
84705
49054
99221
6812
28136
45424
90504
93692
23783
31049
27692
26575
12056
81763
85822
9911
14280
52684
76510
92647
75031
50516
67934
9069
84000
93403
70978
72810
60090
45777
31080
24089
17400
27167
66353
29070
50278
79310
12625
54876
75288
28268
60288
92425
65118
4338
92355
10608
54745
65720
56636
41364
9924
47565
46942
82016
70595
79962
15099
21150
38265
98287
34048
15836
30651
14363
38590
45240
42614
98253
66093
71893
33823
39118
52092
87579
85871
19245
69954
60314
69437
15843
15147
39463
13402
30649
18647
16405
92194
32711
93143
99465
44394
19693
39724
28675
85473
93685
52757
12908
97602
69492
2873
71524
24512
93682
54716
24470
1766
61218
76166
19764
26417
63324
39279
79052
43771
19663
20289
76263
73131
48186
68248
84843
23899
23277
46439
44740
66197
24031
54159
45121
86783
68366
79411
60219
34070
68887
67648
47339
14261
27293
10206
56808
92419
26020
68657
73585
69354
26701
66020
66319
69782
53222
3185
39093
6955
36448
87986
50663
75110
22921
94606
37777
66990
48811
90635
19656
62887
65174
19390
68032
25008
87676
19652
89424
23936
39171
48063
75817
2083
63166
54681
76948
74238
84186
49825
40407
38795
90987
77147
16291
73456
33276
58028
30146
84993
35096
79566
67898
94453
56834
51877
86486
80181
64423
87696
86593
31742
51878
4863
54921
20253
37958
47297
94215
12424
2663
64411
31022
85176
15884
97653
3865
16277
51782
54136
69825
97745
11445
57654
34660
74452
77062
22611
8209
20920
47846
94279
85293
95054
71535
62343
45947
83020
12841
39577
89382
69976
14750
13922
36382
69872
81809
13745
37993
86460
43965
99353
12866
74874
95918
9278
71985
21267
72355
34661
11707
20046
75024
54354
28740
56830
74300
37450
56068
95631
21727
16033
59018
1913
62213
25398
46101
23186
89838
85232
46142
40711
79998
35007
10091
79239
13424
37531
13186
33932
22919
66992
48753
20651
46611
35440
55463
57011
73878
64024
72820
41018
72218
50241
30083
67891
35069
40102
7280
51523
55170
13217
78322
63904
52670
720
15776
66375
5236
7717
32463
41968
79025
84709
22902
97757
91634
26456
10807
16657
2284
63657
64898
64336
11501
24617
9839
88335
96116
43926
66722
44843
28019
60066
34338
58272
11403
66389
215
27033
91504
42993
80183
30604
40841
70400
31439
58999
3413
32171
51986
80605
27496
97465
90991
13039
60474
9475
49719
98383
39037
19413
62429
67514
22261
46188
44480
35118
76607
72516
70554
92826
38143
49176
15803
55699
49238
58853
35493
5380
24269
44211
16525
18671
74732
89965
44695
46098
68497
56200
10433
1389
32638
39703
27512
88095
96150
79783
78531
94675
43813
71768
88677
52392
80843
94182
19964
41929
70891
55877
44232
3991
94941
60640
97605
90059
7665
41473
6237
43009
4170
93187
6536
45591
33031
68485
99638
18040
82866
78248
68325
9606
57221
82234
33109
16863
26559
52970
85417
10662
82386
45083
61468
62202
55154
91282
8260
54042
22665
63484
49717
92822
30712
55470
29681
90960
34319
38643
24342
18734
56580
94457
43871
22393
84213
63122
30510
90075
62745
26473
65367
93434
62780
24486
64074
42701
5484
95116
52044
53883
97987
82472
23203
71974
76412
94112
59369
46977
40930
56463
97237
82449
94568
33818
917
83989
76155
8039
6173
85438
55365
39021
54084
46498
69617
63614
88139
66182
16290
42193
81414
67579
52987
9323
88951
49682
4400
86219
18706
47297
662
69808
15894
60454
61939
57474
41914
49579
27087
51605
75506
9236
98443
19389
58703
65596
4008
35334
98841
57738
93575
53115
28517
77833
61480
16586
65466
69331
38454
3586
94822
58602
30410
90401
14036
15198
35291
44650
83360
39475
9263
24891
71898
43648
24276
46785
41327
44456
6122
93724
39277
79237
79718
25552
87175
81530
92614
79970
9752
84737
72988
87509
45316
89457
43032
40933
37192
50151
97767
6831
80525
90125
99177
79396
28835
3362
96524
40000
12883
27879
30143
15879
49461
34605
52238
12028
62251
1277
52224
3963
24233
2947
87493
85556
5138
72289
89214
77570
40111
92265
43373
85036
16624
17075
28326
3558
41868
72816
5992
9322
20672
489
73366
85823
47424
63323
25863
22257
98665
81694
10390
56924
57780
22819
1910
84797
33708
78930
10105
12709
70351
42880
85965
84670
15618
31594
17415
96549
49845
49914
55269
63401
65978
21738
6148
14607
71003
59490
82552
61443
64003
99398
35209
25234
27897
21462
38359
75955
60771
80013
27573
62939
51427
9423
24568
38838
3408
64416
67418
76649
79130
97029
2207
69568
61254
2755
61092
76800
11245
14920
78078
88416
53457
67451
65348
21051
32841
210
44872
9726
24848
67936
51266
99247
12962
29765
73948
99907
91623
15516
94804
67133
98323
54652
43638
95416
14411
23577
87569
62592
71959
9952
82276
88566
41443
29245
87647
23894
45508
9708
79078
20771
9550
51471
53811
89265
96048
33860
30665
93055
78013
46860
10931
80985
50487
43649
9293
59009
75004
14238
9939
97769
72424
83899
45325
71694
72423
42168
66165
81835
43207
36620
82015
50848
39949
25502
54395
89289
92500
59369
91294
32447
69808
17453
84501
3592
75543
6325
45879
89161
70758
97038
69954
26973
63337
51597
64650
33170
42229
67011
39452
1446
22123
18778
58406
90208
93400
27473
52874
63609
56388
84270
6685
14095
78535
47332
86786
60206
39333
316
59990
92568
33100
95589
99226
41884
50615
78692
52628
6942
81287
51033
56406
22777
67609
27651
87721
17564
5976
32243
15871
56555
90531
98630
36108
92226
66959
39713
54759
37153
92942
37222
46383
42389
44562
27990
59885
53465
21347
21895
30911
98104
67411
93992
44015
80164
64841
24795
81595
3219
22981
87489
87054
54864
82714
46514
39218
52578
65668
89677
85136
92082
54210
54200
4908
39770
70738
34354
34739
59481
36881
28381
20727
75742
6743
76993
94352
5650
50613
84354
34991
97793
76023
19854
14381
43109
38859
78797
27920
20716
206
97511
11652
41903
54657
15207
89025
23504
380
81968
52113
46164
48255
9034
17523
25795
56066
25104
3461
67179
39035
16762
55931
23018
17049
94161
78321
90995
76199
35227
37008
10432
75649
32462
72619
94393
40378
70736
38580
79152
72052
24875
88565
43818
93501
44293
61566
74804
75930
26483
39345
78623
54982
95567
18065
98353
46223
43728
61154
67608
4128
48241
85717
8483
29263
45009
93065
79236
26337
67269
38241
51013
892
43281
3242
93674
58035
57332
54111
98636
73862
58800
49641
53303
9039
31735
89111
16314
80873
81739
38356
67088
14505
62620
16769
71271
36575
88249
17769
26633
18287
82869
43844
53190
84050
27753
70072
11361
1287
38437
99859
84783
74136
62486
91129
16887
6481
58457
54335
27003
84712
11221
68170
38012
83902
99406
22742
28858
69329
87825
11229
64301
55962
14870
46499
73339
89202
14446
76218
23621
69759
12626
95352
18015
2963
56882
57378
304
12372
7908
12019
33187
92779
41956
28840
48098
87273
4696
7379
44531
23041
36289
54541
74578
10185
19144
42416
81255
13582
95839
52945
17696
9775
92358
84594
25651
481
5900
74131
75134
55812
65205
88881
49303
25830
48252
864
70168
64043
74249
53018
72017
19954
23322
34590
64652
46636
38473
1640
5357
53499
78114
55917
63597
73520
85570
16721
18439
90741
34127
91886
9332
64719
45457
13229
5130
83528
75925
3430
19945
76262
5183
13375
62512
65066
73895
69406
40891
13440
21064
78311
34763
92565
87817
40515
18736
29901
47746
76112
65706
24479
54272
37769
9511
55152
64915
41
80031
64941
46872
69552
76201
84836
47985
70170
26484
86726
51717
68370
77917
91988
11403
79009
68220
99984
69963
96540
54311
37367
31552
1041
49837
60799
83954
3905
60400
88006
73271
90940
35519
17092
48837
58183
67406
12324
30711
59846
47005
45402
3481
22732
97146
59539
17691
59254
69731
87983
34083
34239
78415
96947
26015
41263
48591
56194
91071
28534
8705
15992
29193
66333
17034
91427
87941
90834
95227
96261
22869
33516
10289
80419
27107
96697
9259
79916
98914
28462
81528
59273
8823
65881
20274
2909
99010
53761
2442
12770
83185
71598
72217
73206
84976
95230
37918
80721
48331
72715
66157
4659
74328
94499
9589
22389
88940
75581
71439
16315
22319
28072
8640
1530
8040
49971
37773
85599
67019
95999
92082
64174
28589
75067
22873
35736
19266
45181
51744
31919
86298
99717
51285
27128
35666
73469
15039
16921
95850
75893
44981
58808
20109
37294
77608
85170
47960
54310
36705
19027
38076
50879
25146
52930
74770
34835
19530
2050
27555
66121
98937
86112
9835
56430
23216
49677
64690
64481
8143
35008
49798
69049
78109
60809
73565
12204
18616
2350
88791
45529
1284
89013
95495
12583
90174
67815
73886
1867
44477
73282
41514
40257
47080
87684
66524
28984
21422
97730
18825
52899
48553
27419
17539
68143
96743
30301
91945
42622
75468
29940
8777
17679
90480
95551
79457
7335
93454
28243
12441
95771
50522
73013
52829
55183
8897
23731
1048
50117
13001
525
27489
34132
34636
3952
83481
48067
24671
27812
94218
49082
18272
91196
6413
35294
16770
22789
68473
54622
67727
52566
13470
39160
4790
65265
28502
21298
36427
2918
45597
38522
11035
23240
51394
26835
76742
22318
62633
92378
75959
466
43069
55618
74947
37173
33574
53417
97969
82779
49653
19868
78151
64213
84732
98021
57782
5877
39154
69325
20755
68106
18008
50657
1682
6394
76381
1152
75915
91589
10925
60292
14689
13392
27217
34102
84019
87458
89460
62637
5109
87068
28872
42952
67050
94482
10869
42927
18987
99191
26152
77121
67089
30508
71479
66180
13958
96601
31622
3771
58006
94160
67629
91336
33176
16219
77211
21285
23120
35212
88309
57090
1500
41120
72812
88200
23091
96514
4736
90597
12099
86410
48983
10954
74824
80815
86031
1849
54271
55342
78158
98015
53542
9274
91991
15163
77589
18752
98728
25895
91317
4387
4806
43706
28224
74450
70566
15162
72009
41030
42174
46798
34848
55209
93379
27303
2746
38074
9702
91279
4154
67788
94973
44517
22924
31576
11352
61166
74838
11437
63390
9866
15737
17260
6108
23907
6103
25605
43096
8110
20865
1362
80488
74620
69052
24327
38722
58992
1674
89384
46110
59478
87457
16655
99494
61435
89644
94462
54820
87535
6148
72976
10695
68988
67245
69534
82215
62219
5588
99423
61588
80135
18403
28840
56500
34152
28287
72024
59767
54394
31074
58520
99875
41225
46695
81801
78866
45414
87588
22894
67569
64827
19628
93557
28382
69528
68168
96412
59448
50460
9365
10417
85512
90158
18031
17432
48230
31429
26537
79140
75294
33721
93264
36787
17126
24701
71540
22678
71795
54928
50668
78800
92308
27106
46118
65342
6238
10218
16295
92637
32205
6540
19073
45409
4677
26633
62681
86290
47519
29233
71392
30177
36542
47365
53298
54154
50879
70676
80820
68961
52897
98779
40905
62070
80170
23317
91143
38415
72233
6876
86969
31973
52507
13871
11042
98504
38204
10461
82388
19693
71907
35703
14668
94748
53636
72560
26827
8052
66103
61746
14839
34388
82358
29989
79697
23931
9452
25853
99582
28759
35971
52177
45112
47528
86054
97439
25675
15630
81783
35521
19936
10328
96389
2306
63919
61897
30039
51244
45588
17090
11105
11030
70222
78418
78719
5582
22062
40409
32125
79091
11467
86008
52447
87474
99156
40497
58865
65896
82886
77625
56841
581
58778
43005
96623
32677
68001
43940
65053
27713
46297
2048
66758
52585
24090
82146
26013
24041
75079
99818
59522
78433
9187
68238
29108
97596
94132
58477
53990
47035
69883
56094
77030
75954
27011
77802
85619
73482
41743
68539
11615
43944
37077
2194
76001
61584
44389
94970
65285
70169
84803
77978
4372
39119
82635
55189
93301
25675
52019
56461
83482
79245
1639
36062
13412
15022
24440
38125
40919
32291
40153
86532
57479
61414
94804
17312
26260
41209
70055
93567
86134
22309
27854
46242
31433
32640
38710
43680
77433
60871
79745
9684
92244
83606
92913
14269
94944
22892
98259
80782
55731
38842
82648
74542
87683
58846
53471
70632
57257
66307
78055
14321
65298
79069
25179
63601
9724
72995
54771
24828
40571
55290
66419
10398
9965
24837
73980
52506
93531
61731
26052
93461
41008
18419
42293
71678
57858
482
62164
9102
95699
58003
6430
17657
91022
72304
63449
98908
60168
54179
72078
56473
85566
45529
89804
59678
818
59918
7107
27936
47920
88399
46763
83862
93542
74168
51205
78850
93513
94909
35401
2472
10230
13757
93004
26787
47318
23820
5492
10475
98416
79032
58953
35694
43280
75820
84983
4212
34127
8647
17636
62060
58946
81006
59209
42901
18641
67874
52810
71816
30551
91193
77283
13296
47937
37048
2102
44155
61936
66276
76308
19328
65389
75723
75152
60205
52911
40423
83607
22975
57890
67821
88118
83392
57844
63787
23999
77360
5049
71559
22417
95937
76119
95451
66205
40491
44233
53781
45760
69165
8581
2905
65023
27032
99629
42007
61739
4987
59044
43871
90060
98655
6385
62258
58398
28334
42240
77035
96394
36620
8925
32906
91029
63636
17432
79312
71040
39541
68200
89815
18992
59137
80501
89374
59143
74966
85086
42099
24644
602
90103
46800
37734
24122
98583
43677
56520
70034
67276
30693
10847
37107
89535
86765
65655
83867
11769
89852
69489
97243
50981
96786
70309
85414
45327
8672
30960
13884
96704
17617
58564
73771
57185
74361
96942
6861
74721
68206
48460
51363
83119
7377
15870
51213
87678
75019
5511
16780
75553
38102
90382
86351
76294
73885
86938
45190
92246
87674
91565
48392
85880
16619
48889
90181
23916
68616
53008
29121
89100
25837
96906
2744
6831
12631
92611
87075
71330
83205
51255
41869
71369
45282
30300
86072
52730
23823
21225
15855
8772
10860
75469
84895
55408
92808
9015
40048
14100
464
86748
78258
37546
99925
47480
12547
798
374
94589
4638
81370
74806
54177
16950
91658
73868
85370
86160
41314
67265
41105
60802
8293
2954
52161
2702
91954
75069
39430
53306
87451
84758
18804
48684
1102
74764
84684
2881
60204
44402
73381
67986
92963
65091
79029
484
21094
22120
32907
60686
17377
92363
84347
16253
48118
74477
6393
3114
85160
37308
76340
75033
54553
58323
72978
28695
43801
41023
6621
44274
38369
40276
64277
68100
40697
99890
96186
67047
69274
94364
23448
17053
32974
8766
77885
78368
65044
57295
38337
78017
82956
10895
42138
54808
48507
56471
65915
77826
32181
9091
55828
74055
1920
70013
91868
28755
17929
22877
59351
70664
13174
72613
43018
95559
83940
1752
5499
56369
84361
40117
77539
99108
95601
23937
18034
13444
73067
66130
33728
93086
1282
10169
14235
89657
33166
54730
27293
46792
84327
54554
98792
21756
43397
19282
64480
52018
10485
41704
75857
19100
17179
40438
60197
53778
42812
7327
83260
86674
21216
12019
90170
48580
15688
90403
74171
17952
94182
10335
47064
97435
37168
46379
30647
82855
83826
18868
4846
20743
98466
69903
52008
2077
58560
31852
15769
18406
97850
12454
57294
78956
65622
96542
9254
10179
8703
33650
62000
77066
33294
17283
64924
39620
81147
77578
34318
45336
50548
9768
75290
82596
63923
7546
89367
43726
73220
56236
93009
29823
61551
83200
63698
74368
62703
95728
18565
80851
60594
38550
51954
79967
93873
58607
90168
25569
37794
81674
64136
17260
96971
52190
63984
34274
1025
74040
10208
53967
79209
50045
6415
12475
60655
82243
26068
14469
60212
66180
82957
26674
80379
7615
52214
18466
14741
21305
35964
41948
84451
63627
72273
69511
65211
33675
67835
22885
75183
45329
64654
39939
1438
88144
19212
57466
2616
85185
93276
68541
81403
23171
63292
28069
72097
37
1792
81408
57770
32134
67686
58206
30517
52076
94478
79099
84256
67738
94399
88224
30350
56141
29015
86183
18261
32840
98224
79706
16783
72285
14485
8102
80624
51139
66224
79225
82610
66858
61596
9811
5596
98221
55960
10679
63379
94130
26249
71030
49949
5697
20252
42019
94201
92678
77259
36792
2396
37266
63665
32237
17427
67274
6681
13722
29895
48713
59028
86759
29005
89802
1186
27964
25709
36431
6370
53096
72783
70889
86243
41383
93076
87324
57562
15376
16769
86550
10650
19874
45275
15299
73602
15024
46023
41059
46884
54075
56648
79083
54908
25543
96155
22095
34616
28725
70079
99914
84548
19996
73703
3394
87044
99141
17249
96996
37169
32135
74548
6491
17371
89312
27785
58002
5984
12760
49145
77482
1387
15854
15346
41455
41855
29355
11212
83974
39260
2836
57366
83310
95969
76303
55568
85646
58333
54661
5431
54920
17417
33838
98936
91785
62023
25714
20466
98968
68873
23779
64598
58956
79103
12878
25998
27872
70282
56653
74422
25860
59809
6849
75993
32247
41930
59083
95280
61788
91679
24198
8648
58632
7391
46604
13881
60350
5975
74621
83827
30883
4458
94574
57348
31848
63801
44060
73184
72294
4512
20287
82975
76096
64511
63652
75325
70475
53177
3969
77375
7460
26900
89149
31134
34600
42417
15727
4349
45296
94640
80192
54080
79293
97541
92608
8551
32998
88857
33042
14448
39247
85869
80712
68865
34703
71898
77870
84955
85696
18277
46162
56953
99137
12462
43430
6892
7184
83946
96390
56091
43278
89668
99235
48533
59027
47626
10059
68352
48870
59906
4141
30670
36887
77901
25866
20879
28201
64431
80394
78667
90745
11808
70603
38911
82149
32959
41597
73594
88650
28257
55721
58071
59763
40982
30681
41858
40693
59091
53259
34223
75219
59337
16592
95781
82330
33141
69266
37305
560
2941
35718
19138
29197
87161
11005
36026
22946
71961
76703
84722
78817
30688
44039
12501
21110
87807
80997
82664
98513
7933
57156
75327
39697
57236
62465
50779
19322
38873
98473
50093
83358
54808
79189
58130
89774
2233
25793
68501
45050
45913
73777
98534
6179
42405
60716
47669
41943
53820
87566
18479
76795
27787
5640
94124
62073
47698
59766
13929
80144
31576
91816
63635
66410
28342
74729
54038
88782
50083
52370
87050
30799
46667
12248
16782
65438
32130
40430
52647
44987
58399
33018
8444
7062
9434
48093
42079
18878
86475
69287
28346
41961
45520
93211
94498
60588
64668
45568
42325
57914
90490
78269
27218
41099
77610
82672
84626
99587
87693
88283
52810
3852
38797
81434
81201
46300
24801
23983
71204
95200
175
49434
11236
67579
97339
5322
25628
44251
89563
87869
30501
31773
62519
29815
60725
1630
20222
72385
6377
38636
939
59385
95283
35659
64822
22069
34731
4931
25180
29048
5329
90435
80836
56170
85656
24152
27367
93939
60664
59931
5227
59333
50415
60713
41296
9857
99370
72318
75474
83070
52452
77459
91807
34887
97373
89576
17664
27160
13774
18234
59346
46526
76052
54126
32190
14670
28801
13339
23934
59881
30943
74376
10930
3554
48923
85954
31264
57292
71659
87884
48268
49378
18526
85294
54381
32023
2132
12907
42493
30130
12444
18378
86997
19168
77474
65853
90089
44158
3216
31449
80323
93910
81813
61422
77157
42841
98259
7107
472
33550
14587
2761
813
52010
241
29723
42118
35383
46561
68654
10171
39074
96816
17451
1316
385
58171
63486
61147
24154
95180
85187
88696
66102
83476
66118
69026
42997
2332
81115
26830
88966
34735
44291
84997
95004
38951
53902
28131
62151
73227
27932
24990
16771
22104
75722
76584
54985
29104
65764
20564
1440
63320
12181
47719
61299
11666
97714
43297
92802
54403
44162
70317
73844
29510
92154
93464
31047
90568
54650
16909
51457
81462
1260
51226
10587
96098
72086
61059
24270
63870
69190
37481
13478
66288
2181
25104
51027
70601
72641
96330
28228
30505
49657
17593
96165
51909
35625
23712
41824
61927
14259
86736
96052
73343
74950
20450
83652
43663
33865
11844
19380
88262
21354
52599
77084
83128
92843
24347
66599
85591
4629
23730
16439
38835
27632
81181
69021
18878
36350
2248
39381
36233
81074
85016
13244
29667
93556
94945
33433
41356
46126
24164
7325
89183
96541
72388
29703
81331
63623
4079
39042
58996
25566
94266
25456
56630
69776
76138
51843
2436
43926
6648
67716
37084
41184
93258
66819
44252
9930
47595
69056
71688
29434
9257
84608
86662
74691
8071
60731
49345
48731
52991
49379
11344
72109
53278
69971
76268
10840
9494
64688
18944
97542
52166
66312
45737
99557
32042
16073
80107
71026
22932
36686
34155
80228
57927
87648
85403
93287
26762
68001
3079
35694
13711
71339
75229
33384
19618
37437
13704
86773
41165
95555
85503
78829
10300
36885
5858
52654
63860
22303
61211
2792
77116
40488
63754
27583
75692
38013
35632
48446
71478
29522
61767
31154
47240
95001
5022
45965
90357
54168
34728
28197
91815
65656
81631
66952
96644
26824
11382
4617
49814
6444
40116
81765
21549
6148
25910
87678
11489
58864
77469
81068
83008
57991
69577
61322
84880
40285
7981
59820
77659
22333
14892
30197
22237
88065
861
29981
72220
29196
43964
39949
47836
77435
19829
3296
26584
48167
52521
86809
19488
5743
58051
80857
47492
69398
31228
42557
57873
72677
59181
85633
28685
47793
27770
59401
78189
79760
91316
67097
73693
67961
91373
83519
68956
65071
40784
80049
71077
5302
14451
89091
61004
48167
75186
6249
57039
74201
7753
98409
18547
98519
7586
93953
3232
24684
55998
89056
97883
9255
23622
83275
93892
25486
23208
33394
3629
14852
25519
84897
43442
52366
37842
56035
81226
2090
18948
88505
33385
33831
42958
66799
74255
36044
44069
59708
55372
69921
84057
13820
94781
72813
67721
26750
72929
9297
80276
94533
77359
57976
67574
23276
82809
88232
94849
1645
46645
45080
18983
23646
45809
53698
22726
17795
69727
86956
46642
46147
522
5394
22547
44215
20054
23350
17610
28603
31779
82558
94106
1509
33571
27023
70230
30270
22088
51478
76983
67694
68042
48918
70187
25396
59502
48890
23768
62256
72003
828
33984
72282
25539
16665
76262
85428
95762
44408
24144
48720
73637
33258
20402
23801
29749
68716
4747
44719
64191
90639
28519
29401
41818
39802
13015
14990
88648
40800
79481
61067
68429
45453
94083
12312
92988
17014
81269
28767
17535
93599
19278
5361
78369
56954
55401
47433
47642
9083
48409
12722
54462
2565
58475
87712
72882
38669
56856
67434
7255
77574
15352
84994
23954
27599
5521
4197
68429
55779
96850
92376
10339
79315
72733
73937
45677
43079
99776
43545
42495
38985
36197
58168
97909
14716
72977
31674
92799
28275
94463
81410
34027
44977
86307
10496
9828
90988
78902
16890
93449
42099
55599
88974
35623
57111
34261
82865
92203
2740
45957
31135
98776
66618
16004
74802
25944
13836
50546
37583
70185
89904
9327
14321
99936
29024
71587
95488
42438
26612
12390
43256
88097
13896
37394
35628
13574
92322
80639
97129
52075
3153
10948
82499
57610
64309
78668
36983
50131
33482
58129
22669
19789
64515
24176
89281
17679
8946
65005
7268
69005
16648
20851
656
64325
36334
28721
30723
21592
6350
53796
72456
37564
10168
10768
57674
55390
6958
55237
24934
20250
50594
16189
42531
22877
54282
8837
76520
11554
8460
29505
13900
58611
92107
83214
87092
78959
65918
62612
35894
98476
26181
40912
4243
87596
87947
27403
3255
61436
8206
84920
77877
95692
80761
2834
79966
11981
94159
30536
4073
71579
23176
86849
15102
69069
63127
10073
20630
79801
47828
68434
90805
37774
36274
70265
66947
13286
34653
63423
31506
25806
44526
6308
948
83534
51038
40926
13497
56664
40575
18154
25539
37925
73377
47593
34064
289
52685
949
76464
23162
88125
4582
21639
93958
98240
73892
32286
72433
91722
27848
43064
16270
74225
71129
25188
44722
22121
55210
46129
59352
40552
46206
18560
52483
41508
7429
41399
74107
51564
87254
7924
58416
28967
80174
70039
99993
34716
28283
35631
75129
77712
15721
32561
46215
12509
84885
58573
76883
17402
98544
16211
662
89783
38983
87404
58066
34813
67118
70630
64870
47679
24188
40582
78646
12628
26026
27464
61677
67799
6679
9974
61190
8464
23227
49375
18865
19591
61241
3188
90957
80954
73999
63168
27586
49952
49949
25864
36655
96189
52983
25422
43284
8391
97590
83888
2552
16203
23982
1832
66924
79433
8828
39255
6866
76533
54269
79243
23188
82452
3285
85201
74415
43957
20672
48132
72339
26112
66466
4557
26750
79610
69046
6012
57662
88298
24940
49803
4625
60859
56008
18635
29115
94501
53860
4760
8867
54263
50440
91002
57205
86443
20995
20306
98710
53473
60791
16030
4506
97288
30092
56998
5069
22058
8346
70275
16424
63065
89199
80659
83821
37873
10474
80485
7446
97991
19577
12750
56159
76709
89236
32803
33322
4440
63964
28715
46142
99626
63668
24401
12506
54389
85503
78394
82590
6121
43895
9843
75949
57312
89803
21014
37661
44361
63384
64075
68460
60447
85467
75836
29756
57585
36460
32394
25748
3373
84099
76139
80627
80704
23294
27855
60659
98468
25262
5105
19405
76451
13804
67404
60817
96229
26895
55250
97372
71892
69331
73827
78379
59758
33528
6312
14029
87527
77042
58799
96791
89421
37172
9681
37293
62414
93237
2492
26453
87100
98159
39108
24387
50814
81904
27756
46487
76458
37295
6739
27515
52691
56169
38587
1662
32337
31880
18644
40794
69772
81038
11820
98285
95450
71043
27017
77255
40768
31331
75929
26237
16096
6802
10961
74569
57121
37777
65901
42232
37718
77213
63189
18835
27000
3486
99347
99947
77908
97458
30541
26010
90338
90164
99033
134
79163
57541
33052
92667
90835
22129
93357
96409
67138
41993
98819
31828
35909
44169
34720
81991
68247
4564
42767
84603
40744
54203
98103
91673
76387
37163
80756
31881
31937
96768
69792
30637
88383
58338
2276
15088
52522
62863
76554
67744
75517
46721
64663
5173
49808
54984
35127
94483
71093
16680
84473
29586
29918
99928
81798
66639
63613
68122
66634
75333
20268
86361
85006
52005
6465
64313
37263
26533
2941
32435
88145
84774
67187
40593
34431
94733
44694
76068
94581
7260
82615
71510
62608
11417
63639
39496
84263
9534
155
91087
9111
90448
75300
52752
53366
70062
83175
40533
32623
83519
48031
71195
24355
20133
21122
53617
85090
25118
46691
68058
56729
54421
84736
97054
95095
23486
59972
92447
25789
72712
43762
94317
61503
6568
10290
7702
23721
19762
84155
20726
41697
80696
82784
79776
61525
31289
36906
78703
91498
79021
19994
98235
83649
33576
40924
37259
89617
94254
3235
13165
65779
26250
92078
98959
48861
35819
63283
47544
74090
40232
11768
7856
75360
32145
64494
25391
54003
28740
88012
54735
35482
12352
30684
18053
24029
18933
80348
48496
78980
68817
20412
50440
12570
30791
28241
42511
84651
88634
98440
50375
4901
54696
85917
95869
80601
90126
98919
58727
38725
64437
13861
82563
41933
37299
64503
25536
40670
65583
44675
49819
9980
24134
47998
41977
50263
92401
64013
98916
53536
51102
20619
50218
40720
81101
79166
60962
48527
27992
66728
32353
15590
29135
67950
15771
52551
26396
6020
69426
36720
70955
70504
55532
85428
50663
53742
21992
55544
97407
66137
46285
38073
85879
45680
17223
52270
30397
24137
49418
88031
4145
36804
3091
98214
92862
9377
82320
81601
27807
46495
35611
60126
43682
18725
92501
49058
39847
2221
6040
14195
20710
26493
48157
90205
26857
67922
61186
99332
75210
87861
26669
72694
2326
67788
21560
93165
42509
30539
99989
53440
60607
77885
70736
49114
26557
14041
27871
17
3969
64774
86880
44536
71018
50609
13015
23927
95070
12863
20011
45721
64036
71864
25429
1217
13881
12045
72505
69343
96159
47103
47501
92477
35191
18174
54778
19377
20164
19251
7016
45807
99759
81599
11362
5243
64761
20384
22595
22698
31647
43917
37246
44917
14365
81075
5768
53983
5505
42167
33186
2370
41857
92400
24784
13279
2136
68639
55468
33772
97429
71210
82699
3311
3432
3011
92849
65227
35266
76128
35899
70053
99133
41874
15890
6435
40398
59818
39954
92957
32844
38161
6488
14562
30560
65902
36778
89259
17605
23766
22411
62758
24866
68753
19524
43955
44372
58826
71197
94970
18385
91730
71264
4113
14413
87526
83011
42973
66081
83972
24620
47205
2014
91679
50831
29860
32973
22544
83287
72041
46252
23149
32679
51155
40513
30498
30915
10138
55894
17724
84566
49586
52033
30
60104
79466
15451
71794
94704
85906
64281
31568
84559
58023
9768
13996
75147
15796
86058
45947
49006
87809
78918
28422
56202
97894
59124
33753
82106
85261
6158
54801
43039
64813
39035
41890
13994
53298
34822
138
20062
32301
99937
644
68822
5328
97617
86659
8240
17363
11235
64146
86073
86348
94141
27506
56614
95745
23562
75271
28413
9045
47479
44087
50088
89871
3720
65314
11476
20387
60631
42855
18682
23947
44942
70406
87332
31063
94653
17191
9193
72228
90004
48542
97528
50313
1177
85537
28672
42815
7611
88492
50040
7247
59190
53037
3508
12271
79735
16240
11126
13313
73451
15411
70722
21767
848
58578
67888
84071
31037
92532
63190
24077
98020
76683
16022
32433
92971
32434
22606
27688
40235
65795
6997
1523
8272
13668
25969
16754
82607
65392
26625
17526
45003
94744
74423
87573
54378
65364
66786
17839
71649
18321
44408
37037
88714
70183
20578
82949
83039
91886
50763
50741
14936
8080
94756
92141
69723
56760
76319
37446
101
3888
73730
19886
20792
56763
80972
60434
39539
84653
72954
73428
42740
76028
48391
14214
23105
51613
88467
60689
25239
54256
15499
45201
50521
9826
1745
71828
27655
61030
82424
70895
33954
72044
85924
79257
68050
5081
81557
45687
90701
9875
40079
28008
5085
18623
40266
80123
82389
28653
8992
49473
59978
62885
23493
25252
73678
35080
60506
26258
62419
40702
913
80160
65357
10077
33157
36758
69387
19749
76525
88446
72107
8260
295
39899
80249
78207
89818
62601
94030
735
83064
49924
19602
18754
66372
51120
52187
52696
40454
74254
62689
48091
99347
42459
157
95305
2646
52113
33425
77277
78755
18116
17485
4117
22568
46979
39910
45863
20472
51998
80715
65851
52003
38979
20676
12131
10602
44959
4864
75057
15412
3563
59825
21603
7530
42200
9635
76645
57459
50691
13150
91817
85892
79289
15561
6728
67851
25203
70668
68675
21021
57357
36804
97245
13118
21649
26166
96320
63121
62708
68652
80440
22816
67588
32857
83135
43760
75840
60549
2348
15774
94578
93598
24543
40254
82992
87413
75696
79178
88432
78933
67203
7719
40287
16259
16608
85626
92239
38843
60672
85404
28233
31216
75665
64865
86332
3665
6087
37850
42644
70161
2689
96359
80839
51805
99832
46119
74698
83427
9022
26130
3110
46458
6778
38582
12270
48984
20345
58124
37591
25882
34224
46927
60273
80866
62616
31383
93645
22693
18808
34613
33967
12634
48501
96248
63701
39891
49865
67600
692
45619
10558
27334
32434
80940
62898
10048
59782
31977
27109
17376
21332
191
19797
75521
95125
73037
37246
58995
3914
44161
51686
74540
24319
93359
80429
36007
79274
35568
80280
14688
61389
89835
45418
58141
53314
77374
87605
83073
39008
62311
40652
78998
57068
65210
19789
86210
40010
31243
48289
30066
30392
65353
99351
63973
42939
98761
47758
10325
78120
60600
74615
92349
50531
65919
67569
74087
68451
48082
61385
6154
96236
91082
48407
49635
49821
6262
30478
36083
74006
17179
20221
82373
8061
53720
25536
4596
61325
36340
94837
68629
51986
87806
89849
52517
90401
60166
55326
39650
31468
85801
77366
63810
70734
82459
59725
72027
8083
4754
59770
39711
21826
75939
64699
9205
66519
61040
63356
87822
91840
15115
76207
86983
30039
26378
84070
62654
30011
10337
42337
5205
51254
45483
29725
49707
47259
23436
58409
94114
14359
68756
21040
49338
79171
19384
84940
40211
54376
50655
94947
31320
59035
12333
83848
47907
93412
26132
63634
88005
41677
33687
87092
96263
13108
294
27406
76464
7444
90121
72722
20411
22699
59326
82264
63632
40001
36302
37678
56524
32028
47261
47659
19988
68166
8509
63701
58588
83886
84714
6102
24693
87502
83542
57149
75598
98362
40195
5050
72917
81165
15373
90333
51389
91143
27188
74706
97004
22408
63159
90413
97754
60214
29706
20518
90532
68106
86703
85754
58564
78093
7992
45540
75747
66705
75304
75924
90349
66389
76892
61953
25755
3676
88936
3735
95012
44812
69220
426
94916
2725
96881
83485
11893
15416
91739
90979
14761
32879
34604
5704
58072
83013
84758
73547
83792
95892
95908
53216
14424
89222
94153
7291
96978
44022
80390
72498
43774
843
43246
89730
692
86584
54874
65089
11693
51730
23504
73378
22076
7874
59297
89126
54533
38717
44171
94089
27929
73010
50624
97526
93973
69030
8516
751
61271
48910
78536
25117
37385
52290
33119
58543
6957
95440
32254
10012
47318
30794
61058
14949
74810
10071
1999
86116
28308
55660
84663
67780
56942
61041
51198
67047
28151
68460
33602
21769
68165
61536
93178
11795
7637
62225
51267
61391
53746
47639
59282
49737
11435
10640
99789
63602
78796
4143
71396
711
28528
17550
69050
5796
78499
91820
25779
64993
5530
81404
38323
64156
6539
51186
63816
38239
9348
49087
99959
66649
99031
74148
46747
84022
2610
46380
53412
44862
53414
31580
23321
22298
20547
12419
72963
13341
78054
18878
492
12980
84814
15732
68448
9773
61877
46491
77000
19252
72520
13135
68739
42734
16894
52756
29196
83232
9820
79670
40996
98423
37238
43794
39130
71103
6745
98984
90866
27243
92490
7417
51045
89218
70646
67069
38562
55566
53044
2510
84396
4731
35115
47812
46395
14777
55126
55270
33924
8368
68505
28377
28078
4513
48374
38617
67143
26386
14585
20719
39739
17827
67232
822
52266
10538
48378
84885
77143
68656
17999
94860
22157
85790
16520
6583
56314
21632
39131
94730
61182
70937
92660
90547
6937
1270
37981
68966
48786
9928
24538
2245
8203
3209
60519
5158
44737
40885
94198
12861
78196
99033
9525
68082
16341
42571
48288
75831
42669
22276
98243
35509
39935
62336
27024
41342
9454
14919
70281
26283
45339
22383
25361
52033
2836
55965
26127
8341
13569
7614
78100
68612
43918
79535
43617
29107
74616
9891
66971
50873
54266
26205
82440
91498
55679
76412
60186
6961
75392
30936
37780
98106
57947
38082
43981
73249
27498
59413
42356
62944
92761
89921
20193
39110
17313
26833
4707
12096
81130
4971
97179
69441
83375
3757
31656
6187
22891
94718
65702
59860
88934
4578
67608
11579
37310
86019
72651
50148
90963
28530
66716
80336
75581
62872
1261
19324
56634
29376
59052
58214
52900
24426
66615
16424
95136
94565
61552
31747
31560
14676
96625
15858
89713
89907
24117
50225
29839
48521
79411
73285
28944
69386
10597
53488
96489
10840
23499
54905
61171
32098
27215
3767
66666
27624
38343
36616
19048
31088
22479
10830
93050
44538
65364
31236
97680
64035
67042
17818
57889
89220
34006
60052
91166
92424
30026
86496
28554
49055
19176
82472
95985
11816
43765
49807
49077
26147
35029
1756
23591
56081
96283
593
60685
87638
91143
93932
27147
14957
46229
50243
59217
718
26364
93278
65192
17436
30187
81027
39859
28840
19460
15145
44801
76961
90835
60481
27882
62926
60238
64491
9412
94411
93572
72840
65462
65579
32198
46921
30935
72784
72544
38656
27315
87977
41935
40047
83018
66472
75768
75219
29918
23347
13569
78691
65783
56462
4734
75045
2617
69852
37960
71940
2850
32698
88827
97450
54827
60170
9757
52619
16157
91629
2776
46668
7279
97522
77174
15325
58292
54243
25973
45006
47870
95157
281
83295
8025
80381
9643
2830
76383
62757
53689
71209
99637
71591
96442
32176
95779
1878
11739
79630
15304
18180
55262
40341
80220
47079
74572
4705
59400
31951
50428
79404
17534
94392
15843
43943
93179
25388
77092
66362
81942
38331
28605
88993
75335
69446
51123
1738
8299
80138
36965
75354
8215
86620
5467
84496
65114
61318
99875
38462
10944
1308
64828
88762
48593
18115
944
97917
85130
21414
53618
95200
14638
19996
11605
22193
89222
29984
69791
69089
69351
95554
32268
48658
99216
83178
60276
39835
48630
77683
21737
66003
77271
54286
90213
77658
21648
66085
39854
48831
78389
70541
58956
21292
85364
8703
77159
21985
1991
85117
91858
24584
10698
67852
76860
22005
98486
65986
43078
51845
21263
12420
41146
10567
60851
49817
52243
16299
87460
2391
82985
91266
93441
78801
18336
72563
72306
46926
45244
57108
96552
93966
8068
12950
74881
84860
47685
29552
40884
85731
53241
29573
50495
2552
96417
99735
31801
19071
17014
1898
90657
33958
39861
31076
7352
85954
31764
36068
45832
3408
73356
86294
37300
73351
60959
89785
25050
5620
80579
65940
57190
3518
135
52168
93341
95815
71237
88737
97659
81630
56903
76695
92817
70327
75563
98906
69521
84830
72013
54327
37442
93890
56857
28447
74106
8213
39820
88081
78294
170
50543
27788
4020
94887
95451
57469
68405
41396
77783
68761
85162
50097
73786
60131
81883
79466
71245
96545
14138
5096
70124
88500
39532
80232
80453
32467
84126
71713
21810
14570
78559
5262
66421
4313
28024
66496
3194
43887
75687
63723
13694
25858
29405
64297
34025
90492
93840
91487
13630
79306
33489
74431
76842
11062
7480
76630
5808
79109
1589
5457
98160
15827
21042
17359
91342
76661
46411
45183
80913
54504
35565
82909
31099
55091
15376
24478
74316
99038
53299
41930
9997
64408
83226
44782
49184
83088
56883
74739
6236
83243
18124
34876
10191
81087
62719
1522
36
42330
82976
42301
53942
26998
2524
2675
67569
14240
90749
42339
35174
42381
7654
79172
32558
61656
15583
29725
94883
26114
83238
60714
500
9592
26753
81253
40392
90008
57659
81244
27285
23424
44070
85933
70023
93930
62751
14614
71810
8245
72079
42421
15419
47352
55659
30393
82937
6860
15925
78404
36705
62521
8416
23942
21012
77922
14417
5880
79268
47092
63236
5108
27006
10840
68282
89757
8174
90863
54188
46575
89835
28199
78483
65151
13482
80566
92852
31889
83066
59784
44081
44785
59140
35933
27193
44339
81249
44434
31688
89868
64410
53937
86010
709
537
34218
9977
60089
15199
66350
26007
66962
84419
42868
2173
63919
52141
288
26657
48130
1243
11233
26691
92404
16870
36518
63087
68925
38928
25456
63473
92608
41723
82066
53261
78979
55712
52542
57202
27859
92279
62256
48969
42708
26535
48463
53391
19125
28656
24563
99132
63165
41611
6198
71652
43483
71996
1760
58105
88354
55725
98405
4681
90285
53220
96127
21618
7147
38803
43947
58167
5691
47501
33281
92827
80636
94666
88359
51110
56645
91769
94212
32726
6573
83980
42746
3461
46381
3760
497
21462
46191
57180
61565
55110
18783
67988
26246
2836
4870
62844
72820
338
53367
83028
15253
70333
22327
62243
94158
97010
11589
74810
31150
95968
66878
36827
4708
57860
5766
25996
96306
21819
24556
78862
32564
64515
86193
93436
21060
71207
64953
76663
82973
23435
12452
99761
17911
62898
91532
28907
12619
35129
45135
99732
74579
61561
19149
56763
82515
49510
79193
96085
10913
9156
29259
38147
86981
33068
67760
15860
36482
84306
78392
8238
3370
25800
89241
9472
95392
2114
25110
78563
12878
68483
8629
3960
72896
25501
39251
51415
89546
15124
51955
58930
83725
24532
21439
16663
87254
48131
16268
53496
4997
78752
40227
64796
77909
19480
64652
52521
94822
2230
69653
23621
40109
38461
23837
70636
96078
76095
40461
34981
3202
62286
11294
80718
64981
23305
55052
41048
99755
43413
10932
43657
73218
50002
65752
85820
1987
15518
30073
92016
19131
22890
39355
9138
69103
33953
86219
25815
24454
13522
73787
28148
41893
67336
81660
68618
33191
52667
93866
59701
61019
81490
35074
3300
76997
88952
74259
29624
47651
84289
50511
41590
71971
29020
74794
71506
71091
99515
91675
92070
3094
1589
19420
89946
42023
43779
67801
79088
85697
83192
2040
30836
33353
59737
81520
81358
93543
52088
39748
46614
14884
34351
37114
60319
48542
75044
25028
94062
77207
91878
45895
91664
65608
71258
67863
74653
66088
69423
3749
14777
16012
69139
66423
9763
21710
15947
19493
34984
67097
92840
10346
23793
20841
62852
15227
86528
26544
77396
14431
92438
13271
42922
92590
79227
40070
21209
94428
73114
1654
49134
58406
23907
55374
64833
39852
66204
87360
29019
66450
96354
67554
22994
18038
79691
95013
55788
31036
45567
55657
52800
56615
94987
24117
27341
73964
1294
53126
54363
55098
17653
55615
33605
33388
74738
95318
45838
56399
6583
33603
13275
46824
93729
63434
71146
37825
27053
79867
38147
93812
87700
21038
29825
61866
26029
15629
39359
98877
29514
5555
27404
50925
63576
10640
90156
87242
17582
18012
27676
45902
87337
25185
46108
64566
15309
64271
23268
5229
90915
24858
60195
90191
52033
4171
93041
71176
3783
63596
93014
97651
60175
89728
84116
97874
63422
34839
32830
33487
95915
72166
73879
24098
27975
46282
21432
84428
12843
3080
65317
55489
74727
57768
52267
92592
75909
84366
82086
74757
44586
38982
44145
55760
24482
52082
37925
99717
89341
29667
2177
69268
99380
94173
36657
60746
40006
91487
24653
30043
85547
20769
26019
69581
10246
95858
1674
37096
61291
14581
11129
18739
47204
85323
75872
87785
76416
54674
82899
73421
94398
41105
46439
85917
36646
11469
70132
43635
13894
70551
55348
13811
54344
53400
7797
70946
75755
38235
39106
14954
91055
11121
62107
80045
42786
52433
38956
34350
94760
25277
88457
88632
99837
62645
43433
75352
30303
90401
47923
81629
79433
96516
40359
64515
50943
86758
1210
84651
22387
12321
34360
42913
29777
62058
82608
89488
27860
44405
69382
1026
79913
100
89259
71571
26614
15322
92095
80737
93158
77995
98762
95793
54926
80981
93085
66644
82186
69851
27438
90992
26159
85283
54575
74034
86478
41388
12988
14986
206
24244
73688
1272
53387
72422
74593
51529
33755
46213
71282
73244
50956
55944
44846
94539
83335
15001
64454
18558
79855
21988
43071
76004
74850
62357
24839
80376
51837
28350
74397
27545
29887
65683
25710
97909
38524
67256
68767
54734
50161
3523
86845
93169
18824
49193
48945
68497
60838
9692
78684
99156
93670
87120
5896
83434
71955
68248
72085
5496
2411
3057
63408
61705
49575
11270
62344
498
2842
78387
12045
11969
32005
61258
80051
66158
18129
66677
69877
82239
4774
53448
32922
45928
38128
46126
69609
84036
33855
70630
97041
77516
90109
72085
76512
27885
84289
52077
59586
89970
68202
47995
41242
74988
30886
46331
76407
93251
14763
39483
53229
35128
86728
72438
71512
48837
77992
44288
93380
36659
96288
53231
35890
1752
34760
84379
14482
27731
67231
8935
90442
12467
36848
16428
38925
39962
43708
32511
84193
63398
94270
73737
80536
56763
96955
67437
35831
76251
28773
34522
31532
21269
91413
93066
86475
76292
99537
65682
14853
22713
83417
11110
73455
89174
18079
73423
71548
69365
2999
50573
98030
74434
83646
89363
21289
86419
29404
79280
12810
89495
38050
26451
74873
87024
84938
51761
29257
63364
38015
71967
36264
68792
68116
44378
26631
11567
88449
11040
34320
63994
69372
93457
43926
63762
63613
98738
62910
38326
38073
75961
52846
52787
55012
74664
56176
98244
6736
529
92057
69008
60757
18167
78710
89892
84909
26626
83165
33922
39404
63143
74320
40284
84774
85145
51928
12553
6035
18360
68830
22165
89361
57086
57422
65048
83323
41593
79872
69528
68003
28237
80044
43667
28984
99292
30471
97066
29981
45841
8833
53598
26631
8350
70201
60163
51293
52728
24635
78196
96081
83923
81637
7331
32218
25731
57734
87764
36674
39699
33655
31029
60216
24714
19289
40186
76840
1221
30426
41186
89721
67318
79126
2087
43772
1155
45156
44816
7017
54701
31461
34503
50070
69368
43048
84636
46135
71867
32795
65829
58618
92891
95687
49241
85489
26958
27623
14454
78272
22218
62270
98757
17239
6592
37924
21008
15062
29430
33431
52933
31422
19329
45565
27292
89243
75330
98774
54426
1989
11284
13679
36609
42991
77047
34975
90387
72915
87554
75937
40549
54320
62359
24950
52700
96921
28420
84859
76115
79014
40878
172
48326
15786
48408
73227
14500
3890
18609
77485
26403
22692
7605
80734
52667
5920
59900
15284
37823
26815
32589
76546
84648
36816
97005
67580
45909
25819
93314
52621
83716
41960
81447
20659
49550
71740
45037
59974
92189
83148
13284
35169
21114
95373
20009
93499
21182
42848
97400
82318
5259
47432
94708
39348
9866
30081
92211
81829
4271
65651
21381
15998
90582
63315
65536
41668
59286
4068
83580
26654
38393
68480
50599
14918
70258
11973
3632
33956
58231
61430
92908
56813
71651
51184
27735
67623
12362
28681
47251
22098
44587
62224
24931
39463
47925
82841
11812
41464
54793
22554
8606
74725
15140
90805
30027
22581
2637
35823
76672
4293
30694
27327
81098
36708
40183
54318
15925
17437
44161
33647
77168
789
5506
98034
33668
55058
79784
14420
84958
48283
29532
31654
30103
41213
31017
55049
85370
7724
17052
21305
11552
62927
16752
35169
42547
47368
69774
87430
4312
78026
87392
32744
47266
97337
4972
2032
1668
96917
91012
85730
15578
76656
82454
19961
98382
67248
57784
20067
93783
42051
27172
37203
40174
91875
82762
29069
67540
50041
36300
36943
51915
35809
45919
79476
85722
75353
77757
86542
31203
22039
37645
39860
27920
64294
76399
20897
68105
77328
44787
69173
7930
8144
62391
70883
60789
36582
22151
27403
6561
19720
29040
93334
61093
61871
91729
95222
15247
64719
2671
42588
19132
42133
2744
36804
36559
79268
57272
52615
61741
44590
4563
50099
9024
85742
83444
71118
68499
64394
68730
75360
88655
75649
56439
9206
49615
29830
96442
58589
27868
51020
71687
80502
60382
7017
44044
99588
47428
75057
24580
7258
4838
5873
48064
22143
20392
47799
55210
51340
44081
61912
86308
98257
95654
32858
41704
26775
53370
26375
60963
47403
9683
70168
90226
87097
12053
55258
41815
8270
14603
60046
9386
15783
47077
68838
48862
40537
57566
69053
33760
13091
82766
6646
23938
23187
35437
25340
87763
49398
35642
65063
30155
87055
55
12889
72507
11459
18007
72221
99392
62458
16496
26523
93067
55766
11169
25838
99392
39324
24914
66726
32369
85514
67862
76974
62084
95797
90387
71587
53418
58201
19522
7008
85107
6357
33597
57651
48901
54679
19853
60719
33494
74461
20928
86405
35987
96465
84010
76583
64226
52474
15373
62907
55584
63891
50540
76482
25846
49539
37896
40340
57113
87884
82902
8847
9856
96457
63656
53110
71511
71895
72398
47629
28348
50239
9670
50211
94749
6967
60431
33247
38604
47559
34731
8464
75527
86041
76069
12177
84598
65161
78896
48431
88934
8180
43154
50706
98688
13477
41595
1162
60292
95230
20403
76439
76489
58220
43389
46385
86298
98555
38012
87966
51516
89482
22053
53403
39664
63606
25468
42581
25183
73149
47017
42006
1904
2733
85919
42896
81059
81520
56534
30456
13683
37767
86881
53061
73031
935
49664
26825
28081
76052
39343
48034
20427
19052
65113
58782
92883
77865
89590
51284
86332
62992
88547
79663
79272
20174
28671
84835
36046
89706
94780
23242
36984
11548
19780
65671
46506
6005
9828
2503
21710
2219
6475
69496
39169
44145
88401
95502
39419
75399
1077
19847
82126
21155
5985
93097
80032
34186
25538
41097
93721
61261
67947
53346
97017
48073
2325
28455
37319
1659
55745
37770
39958
79786
75075
73963
3784
15145
47899
15951
17064
69258
90460
78777
4238
86323
68266
16523
11686
71313
92729
35455
25129
4289
98774
50058
69627
34382
49029
83853
25457
10061
82118
51233
65972
4424
44319
26043
25056
46954
39105
59541
71441
26883
53859
73848
2577
76935
5002
70138
81070
95847
25849
13542
72264
16289
2256
5069
96434
53002
69933
34196
61514
75654
49684
87577
26436
76915
55292
77307
71885
49615
73909
22081
89958
52886
49621
57651
87899
57653
51294
38765
27230
66329
87323
42941
1551
66333
85579
31641
17281
95344
96040
49537
51340
42507
57211
43760
93886
59232
51257
55085
40897
34661
31447
64367
41266
39319
4332
32586
98253
19874
82738
8540
57258
16482
93534
60129
84970
46888
88385
42131
80711
34497
66255
95227
87174
5211
33911
2570
48614
56741
98925
11788
73554
42083
24550
83477
94667
77517
12624
82032
49883
89831
51434
51465
84536
66513
49160
87833
18052
11244
81010
97337
2567
13164
43322
49705
53090
71822
16422
46712
25781
19321
9165
96525
62572
3544
3757
96814
2080
85989
14263
90923
53733
93452
31145
4213
94717
84911
48105
80133
67101
26542
13239
74351
66485
33504
3398
48853
94485
48701
25285
99175
30653
91783
33747
2193
9138
44495
71132
36222
13978
15884
18028
55915
81405
26554
74812
86178
19959
77195
13409
87820
48816
97196
28608
36424
89621
35719
38439
49703
81890
27262
54828
69568
94368
18421
7466
4281
17803
34287
78316
70890
77191
98873
98452
53945
95900
63655
16240
85825
24085
4604
72354
43571
5971
62644
59705
9658
68632
60561
7296
27674
63787
28560
88430
24694
28948
29875
27433
10040
91897
11193
42407
70892
27962
23123
64646
5283
17798
19386
53735
79550
57624
80587
72085
18312
61578
90986
55591
16524
29636
97686
9664
58598
67462
25428
36186
91199
2102
17730
69009
37507
30447
48149
75916
15924
72423
35637
17652
83641
63620
72832
73457
23627
41078
64909
6204
90737
55492
51896
18843
46423
78253
42203
40116
76423
4086
45899
55990
27767
76678
66156
42992
52323
74387
34986
84843
41460
16476
73037
8131
37011
64544
25969
91791
92719
14516
99292
75577
98034
8479
43777
10206
94155
26218
22649
63548
6818
444
47109
85598
8927
39125
44994
55777
37392
97411
68299
21860
84805
8413
62549
83981
976
1742
90417
23778
74613
94770
9323
62992
7452
58322
25605
11229
56896
46819
18357
28866
39281
74422
87273
79222
63271
71731
24355
65536
99402
98611
63713
25164
28442
64943
73905
93763
19312
62255
69363
71517
601
99929
92763
45649
95617
26336
90565
14878
36330
31058
43959
39684
24982
25031
80160
81714
98934
69948
34525
70388
50149
30142
43755
91955
79187
14113
31967
31667
95644
41831
2930
45422
36688
29671
29756
8237
16405
10668
72517
29150
9971
30809
40519
94308
51736
35338
59984
37090
72280
29003
85757
38816
4866
92868
374
55036
1940
29961
16471
63570
69856
64465
93975
2467
46354
74572
72234
16082
61913
54202
81161
71118
1601
19222
51830
16928
8553
50621
69362
94086
8028
93201
742
21504
26984
75470
89136
7197
83875
94903
45489
31125
22370
72632
21725
98414
60008
44980
52408
33664
12693
27852
30917
21376
1274
4005
81973
8330
51642
23151
69926
186
48066
18829
46183
12787
2961
85032
62874
86028
82860
43037
48379
82218
86111
32442
80793
28408
69347
86579
80445
23712
9314
31003
14844
25778
13687
99765
64714
41432
33241
77861
50103
32866
20212
36629
68305
40552
60173
91841
82790
31667
20091
10610
28601
87543
4669
13864
13533
37681
44962
89061
67320
9700
63350
52072
14503
35144
78143
89200
15651
77192
293
88450
79169
79639
16519
49277
72722
18429
24418
1150
57800
20642
34897
55687
21306
59245
1349
46564
98500
25935
52201
48915
37635
61957
17422
17823
21122
65048
29407
92804
29475
23803
22398
67536
50811
38784
72480
87289
95765
45458
95183
828
48948
66946
66571
70189
53749
54859
17868
3723
22859
4025
51681
67894
64188
70303
12009
65082
34178
68783
96832
55131
79797
24563
929
69443
65240
35818
23161
62843
84751
29050
80897
51004
19332
97964
69825
42586
96052
39040
28234
36131
30151
16875
73457
77093
72512
32680
50362
43948
91916
16105
41704
34203
15148
66619
36691
71837
23759
39231
12585
22803
57768
59287
28084
525
23648
99952
48977
19653
14494
17634
82077
8057
95329
90138
42280
27293
32036
17948
75447
30913
9773
42653
6926
35963
3146
70896
155
63627
61512
22681
38030
38008
62723
59863
65022
62132
33396
19986
67127
23648
73673
69438
30668
84753
15033
2251
74161
59527
38822
70589
86771
17969
9305
42227
57597
34480
53930
79853
64139
42565
34484
51782
49106
2966
55854
61816
45999
77409
62722
72429
10454
23162
60834
30368
70067
44895
64878
41127
14392
86328
88513
54786
49099
88912
10708
8674
31599
68155
62973
88812
29654
13159
12468
64705
52829
23512
41483
31983
1422
77339
34660
44683
7286
42801
70227
81700
38173
22454
93957
48546
66049
4678
77612
53541
80
54170
7175
20856
9384
70923
51627
35527
3951
64488
20385
9575
94769
233
47490
72250
36235
98989
92297
37503
22781
84666
96406
26031
16976
691
68538
85525
67237
88748
51085
56422
22948
80285
13417
96478
11611
25113
5688
313
51762
11811
53318
95316
92434
83806
32295
14659
54423
19532
77291
56866
1717
50491
50014
49055
19592
55395
3482
83106
58420
19887
1283
71390
2009
33188
96581
84540
1385
20954
4036
52345
35189
59809
40525
85332
42229
70813
87655
43309
64647
26081
31101
49980
34889
65837
8800
81221
69085
69644
79259
86396
73301
30535
94032
23611
32005
33940
71707
99450
59902
13425
72704
9703
94108
30678
56156
76290
53422
26437
50051
14835
27992
26971
66512
6367
36224
90412
65102
28360
31256
50185
69921
26104
54413
25460
89755
96713
43906
86826
23919
32357
7184
29226
97564
88679
80229
78806
86988
61405
50992
5425
12401
16698
6377
40079
49191
97658
23138
69439
89495
66465
97002
37334
92193
39900
9268
11528
97214
48272
49939
78985
23375
77372
98655
71816
44864
43157
1077
54023
70241
5310
50392
46757
64977
55819
31644
54578
92815
60436
35459
69981
167
1554
51134
62584
72888
43591
11784
34729
50800
74386
95395
94543
29188
13757
65717
34068
83504
58532
34350
42822
9627
92125
16302
35002
25583
49357
87643
26873
53060
37646
78285
39805
82352
11193
82010
51364
54565
11768
87947
81369
98741
5314
7198
2010
20641
13298
95810
94965
61156
67862
84748
9907
78561
47028
28091
31833
61925
64615
71277
12982
48155
37575
65079
39605
10703
12646
8373
53764
41783
39772
11545
84215
30774
27716
93781
99200
47780
77204
61597
95059
15093
21201
85835
54023
51760
78917
70719
45483
75847
26845
59749
75410
36410
52722
27049
16203
10485
53381
74386
11598
83307
1646
46568
34919
75662
28496
92407
16893
6884
746
1663
8625
82320
42183
39338
38086
74516
11953
69693
5642
12008
70082
69063
59941
22929
19379
24074
43677
38081
34710
54601
94540
23896
8907
72315
42772
15757
31863
93195
80791
28208
40634
55185
54988
57653
39302
69816
95106
95874
92508
5398
85849
50861
99613
16408
1234
50210
98136
65898
63311
73888
82308
66720
49781
60988
80140
90923
71268
37915
41777
39465
12232
17804
65307
88420
8762
41050
64709
32219
28521
5643
81369
6561
25701
44718
91194
41544
90305
83314
90784
76137
7464
9003
43144
16920
14412
10295
55733
6301
8508
84538
94450
80585
16634
12725
2058
77664
55119
51476
78800
41744
34509
22278
46582
53114
32647
40945
74757
18757
60445
37786
27586
97922
80180
69053
45937
74043
33084
88298
10234
46474
18999
46247
15510
16307
5132
59797
56968
34358
88493
64661
37425
9626
54008
82517
14864
29666
35499
35191
76997
76967
99259
73846
81956
14617
2757
67711
68717
92531
83180
33439
11536
28780
88618
67984
54176
46800
69443
1110
69571
41002
52904
84037
48688
19579
48127
1209
41708
75895
57139
21029
43112
88937
38315
73240
54813
12983
7894
96853
57287
24425
77745
191
45206
68563
40869
34515
9369
32423
26098
57631
20866
53854
13840
24340
7927
57415
67535
41005
60593
91050
75887
92898
90575
13568
99297
13363
47531
62569
3360
30358
51156
29971
98131
27739
2630
13109
69597
39474
82392
27067
1252
2965
74682
74258
36706
29003
51331
14994
8141
97695
79031
84277
99529
41529
62993
93050
27997
46183
59094
72102
32069
42398
55510
59918
23587
84908
29797
41830
64747
6254
72037
10799
95533
47862
78089
27617
56271
31456
93169
53219
73743
42776
70731
83718
34578
80995
63829
50676
97919
95814
27120
84487
56394
98236
2808
14827
34594
90826
63280
80112
87979
47396
16539
29253
1651
93009
70465
70828
87526
64476
48320
56136
31664
79357
89415
88129
47036
38951
98385
73217
54070
13967
93309
18280
13571
6782
80948
49596
48010
97658
4430
36259
91950
58528
91784
40201
40545
64011
45285
97871
91622
25357
14059
26910
9422
31988
43245
37454
91321
57952
36488
21945
30850
54030
93779
9965
20049
63485
47669
59824
76966
8038
20652
3952
8790
16638
85387
89360
45809
11455
98333
4818
69406
62767
56135
93462
69049
85144
78584
1010
60745
47284
47648
23026
8250
69723
52426
72036
52026
65728
12518
94040
65718
21067
3000
1352
14604
67201
53488
65022
97578
22245
3847
14105
6267
9236
38569
7557
37824
13868
3992
65991
15936
17328
69682
98820
92660
84890
95339
68715
33389
36667
97515
41794
51328
65766
94939
40473
8793
7231
88219
6162
57598
18981
61398
88325
65062
72414
75753
49735
52566
36116
20166
2721
26697
82754
37372
78344
89521
7157
81895
65963
86983
73452
27034
95372
98322
46274
40407
397
91260
88554
37346
41693
89379
36177
77868
64900
91184
51071
65861
6406
40660
77007
74695
30601
87045
52179
94579
26612
93766
15929
57228
66546
58962
5331
28494
59247
56254
93449
96411
60845
40758
45873
45052
23005
75997
69744
99077
7864
78688
14600
62756
4472
5860
18824
17846
9326
58381
83769
55477
5945
27960
905
61345
49465
52905
80235
85875
8372
49927
9441
25608
25026
45550
21075
11566
95304
329
65203
82504
13750
81598
95914
88746
86285
43994
20659
52910
81931
96143
35775
47891
94496
49889
76679
11870
88225
63514
36600
15879
27608
28192
90865
79385
85893
14554
80921
9096
54688
49240
11618
26224
42057
32682
34540
87043
32255
54887
29041
34318
45586
86255
22338
9703
33926
49737
4677
55340
67370
60999
98920
43779
64422
5119
44004
47063
73316
83298
8475
31820
18903
95393
64451
44602
39180
90951
73015
58756
82372
37823
44157
98344
60788
43514
99629
15936
34200
10607
28940
29202
60562
15374
24786
87369
17333
61857
25399
39831
80205
66294
42572
14154
80528
72521
87314
45944
7933
98233
21305
25754
5985
40447
66835
79384
14962
62231
18526
34068
34649
92227
28738
39665
74140
50901
98899
58511
94061
98475
81317
34633
64823
75250
20357
34776
58198
40925
54620
88187
16092
83106
97241
93848
90046
56730
12351
85889
36973
50390
97225
34827
21051
75946
24395
92894
45827
32647
20270
16588
98545
51295
55514
61715
65692
98533
94737
37254
98270
32026
50594
76655
94620
11088
86620
46386
47257
97146
38379
61400
82117
15006
52634
32950
7780
59083
13230
10133
94285
17009
57874
4817
60412
13956
67236
34228
39526
61090
96721
17380
48326
9205
29483
32519
18595
29836
62700
21026
61255
50829
75317
7104
85505
68633
42006
90558
9595
51399
4085
79910
90540
85509
53615
7547
60217
26365
90207
54713
20672
77259
31446
96076
40226
12331
71325
35863
20949
33248
81482
66700
11890
82226
15479
43164
70541
44654
37410
76641
9813
19790
26983
83764
37820
55915
16120
72060
11550
73892
37963
7859
95773
36844
86463
58513
71531
56682
48104
54424
82550
78705
56706
8744
86944
92401
44131
22702
51621
17439
22316
62633
19969
47301
39802
40502
73004
22518
73242
91687
50830
25111
32056
49108
16686
78291
64093
99747
4231
20704
94939
41058
47739
81890
17371
79771
20268
38980
98931
3913
24102
61069
66585
37273
12480
13435
80350
41241
20776
95798
30632
33394
55163
11055
44948
57858
41501
65749
9809
56337
40060
61140
47489
58549
62966
50661
75907
15591
73937
59332
65756
95372
13413
23254
14283
93360
47950
15089
97082
81528
73132
78290
19291
8365
70599
77883
24275
23824
2882
25250
40376
35186
62365
59233
60109
95718
26803
91895
93393
25527
50843
11331
63347
61671
13976
12882
82311
98298
28119
3368
22290
2767
51199
38436
68181
38030
59033
97423
61320
92162
16266
96136
91470
30948
44148
5623
38051
42804
51272
83066
75960
22430
51140
96779
7673
53314
59201
30321
34000
90603
59217
24126
75329
8546
64835
95985
31745
68946
54681
43006
77868
43282
47186
50406
60733
31795
3385
2802
18834
30460
69111
88472
98648
5901
63266
366
70174
65224
10477
68715
28832
7092
65628
68180
6090
15735
6476
59578
24363
77685
37828
32876
62765
8616
93571
95351
30496
89854
35713
26851
956
75335
46200
74232
77286
78111
19047
38208
13405
57112
55232
51048
10397
39523
59493
21654
37173
11217
3086
91018
83543
85987
14764
75322
65738
48051
30535
66368
36584
55457
8792
8813
70520
77217
19783
47955
49334
24251
35789
73829
91041
91241
85782
94203
39616
28690
7262
48616
75826
82469
34372
85662
41620
65574
81450
24869
49132
4898
28995
8300
11243
98248
62745
99694
7052
30276
